6.845620792099232403e+02
6.389344775504288236e+02
5.933324188284504999e+02
5.477649748173688522e+02
5.021975308062871477e+02
4.568742808782020575e+02
4.117484174873673055e+02
3.666225540965325536e+02
3.223492343989909159e+02
2.784706917006113827e+02
2.345921490022317926e+02
1.928334891153648130e+02
1.515525236887810649e+02
1.102715582621973311e+02
7.333896793107848566e+01
3.663186922950255564e+01
3.037269269340832079e+00
1.942284313921970318e+00
8.472993585031085573e-01
0.000000000000000000e+00
0.000000000000000000e+00
0.000000000000000000e+00
0.000000000000000000e+00
0.000000000000000000e+00
0.000000000000000000e+00
0.000000000000000000e+00
0.000000000000000000e+00
0.000000000000000000e+00
0.000000000000000000e+00
0.000000000000000000e+00
0.000000000000000000e+00
7.452603360029926849e-01
1.674280949320112288e+00
2.603301562637232003e+00
3.438487313366811549e+01
6.774247368992568852e+01
1.008421327424578067e+02
1.316954468547788224e+02
1.625487609670998665e+02
1.917283649974614832e+02
2.160437491021285155e+02
2.403591332067955477e+02
2.615044776757369505e+02
2.781068699659863910e+02
2.947092622562358883e+02
3.073856468213461994e+02
3.170882012818256612e+02
3.267907557423051230e+02
3.327040398187299388e+02
3.372015525428705587e+02
3.416990652670111785e+02
3.431842458024908638e+02
3.442971156180236676e+02
3.453346126687837341e+02
3.450253548470947180e+02
3.447160970254057020e+02
3.446082089506826378e+02
3.452184476904818666e+02
3.458286864302810955e+02
3.477362415820874162e+02
3.516987191126026460e+02
3.556611966431178189e+02
3.626523725868300971e+02
3.720621494216565566e+02
3.814719262564830160e+02
3.954361057820242991e+02
4.111019302689314827e+02
4.267677547558386664e+02
4.470101718287692165e+02
4.677498240163674836e+02
4.886402088353411841e+02
5.113123306559571120e+02
5.339844524765729830e+02
5.561186560441293523e+02
5.766895346887313281e+02
5.972604133333333039e+02
6.154579427016795989e+02
6.305853597034933955e+02
6.457127767053070784e+02
6.566522584161930354e+02
6.650030810961170573e+02
6.733539037760410793e+02
6.774816091842371861e+02
6.805666996051487558e+02
6.836517900260603255e+02
6.850784623123124675e+02
6.864849918681841245e+02
6.882452401383947063e+02
6.916615351166469736e+02
6.950778300948992410e+02
7.002100642450143368e+02
7.083147176163344056e+02
7.164193709876543608e+02
7.278179905361527062e+02
7.418258090995484508e+02
7.558336276629443091e+02
7.744787292147301514e+02
7.946531474967297299e+02
8.148275657787293085e+02
8.409224288187010643e+02
8.673354611765407753e+02
8.946831521111112124e+02
9.274544060793652989e+02
9.602256600476194990e+02
9.953847490370111473e+02
1.035037371942260734e+03
1.074689994847510434e+03
1.118618989924468451e+03
1.166060997477638466e+03
1.213503005030808708e+03
1.267753729976934437e+03
1.324225866698481013e+03
1.380698003420027362e+03
1.447146808659663066e+03
1.514011308420885598e+03
1.582762340537634827e+03
1.660856199557944819e+03
1.738950058578254811e+03
1.821317193571341932e+03
1.910716015482597186e+03
2.000114837393852440e+03
2.095359051870463645e+03
2.194648554941373732e+03
2.293938058012284273e+03
2.398828525000000354e+03
2.505075747222222162e+03
2.611367754111230170e+03
2.719747579513763867e+03
2.828127404916297110e+03
2.935332353756994962e+03
3.038816860151880064e+03
3.142301366546764712e+03
3.239088987276439639e+03
3.328015046573041218e+03
3.416941105869643252e+03
3.488083832452769911e+03
3.550972801392891597e+03
3.613861770333013737e+03
3.644573800829127777e+03
3.671986542157334043e+03
3.694123121616744356e+03
3.681865472954007146e+03
3.669607824291270390e+03
3.644081745647813932e+03
3.595170975491375430e+03
3.546260205334936927e+03
3.481279306358379927e+03
3.405223048330120491e+03
3.329166790301861056e+03
3.240883035847994506e+03
3.149987583128464394e+03
3.058877879390357066e+03
2.964288443591909527e+03
2.869699007793461533e+03
2.776608564273071352e+03
2.687100458230750974e+03
2.597592352188430141e+03
2.513614494591384755e+03
2.434482089196860215e+03
2.355349683802335221e+03
2.285743215231935665e+03
2.218934143374441646e+03
2.152316848887277501e+03
2.097493862675374658e+03
2.042670876463472496e+03
1.990522054514643514e+03
1.945984315468408568e+03
1.901446576422173621e+03
1.861066011466408554e+03
1.824744031492248041e+03
1.788422051518087528e+03
1.756677371098989852e+03
1.726426080189899494e+03
1.696191488994016709e+03
1.670115126386867814e+03
1.644038763779718920e+03
1.618718130755846914e+03
1.595593836833374098e+03
1.572469542910901055e+03
1.550402362123789999e+03
1.529350839054967992e+03
1.508299315986145984e+03
1.488425038655887192e+03
1.468908386171893653e+03
1.449417188828061626e+03
1.430918741950526965e+03
1.412420295072992531e+03
1.394033852871114050e+03
1.375928404855530971e+03
1.357822956839947892e+03
1.339588456550156479e+03
1.321247081159420986e+03
1.302905705768685493e+03
1.284157275680729072e+03
1.265313363626758019e+03
1.246425568309744449e+03
1.227004244899951345e+03
1.207582921490158014e+03
1.187978039234839798e+03
1.168023114529914892e+03
1.148068189824990213e+03
1.127911794778429794e+03
1.107628742481264226e+03
1.087345690184098885e+03
1.066646436743674258e+03
1.045893631463146221e+03
1.025067043685756062e+03
1.003850197544460684e+03
9.826333514031653067e+02
9.613389534655889292e+02
9.399438273328432842e+02
9.185487012000976392e+02
8.974718176303645123e+02
8.765230345032463219e+02
8.555742513761282453e+02
8.355234055800834767e+02
8.154798012141279742e+02
7.958749235635707464e+02
7.774325115895795761e+02
7.589900996155884059e+02
7.419953505095144237e+02
7.261519742050334116e+02
7.103085979005523996e+02
6.978524753031791761e+02
6.860319656342181815e+02
6.749009030738964157e+02
6.683838327021600207e+02
6.618667623304235121e+02
6.582915397953324828e+02
6.587955859788360158e+02
6.592996321623395488e+02
6.661017488301932872e+02
6.754763168226409107e+02
6.848832578825221162e+02
7.050488483528442885e+02
7.252144388231664607e+02
7.490161270090840162e+02
7.813833876659678026e+02
8.137506483228515890e+02
8.538029673269167006e+02
8.990862924328444024e+02
9.443696175387719904e+02
9.998697808138815617e+02
1.056581336534106640e+03
1.114524639506858193e+03
1.177552847804143312e+03
1.240581056101428658e+03
1.302527090405538502e+03
1.363382258555885755e+03
1.424237426706232782e+03
1.474302026494616030e+03
1.521702620627552278e+03
1.566457772566991935e+03
1.589588254832982102e+03
1.612718737098972269e+03
1.623244561866997401e+03
1.616220361123502471e+03
1.609196160380007314e+03
1.580851490624998860e+03
1.544540931349205493e+03
1.507300824487894488e+03
1.447751575574176286e+03
1.388202326660458311e+03
1.323210468297730358e+03
1.248329925161450547e+03
1.173449382025170507e+03
1.093959980963627231e+03
1.012210797104153244e+03
9.304616132446791426e+02
8.496746486712279420e+02
7.688983862334150672e+02
6.905510273504255565e+02
6.176352942162474164e+02
5.447195610820692764e+02
4.793329704824794817e+02
4.183493174348127468e+02
3.573656643871460119e+02
3.090758295634925048e+02
2.613841327713371925e+02
2.172828428376354566e+02
1.823683946520761765e+02
1.474539464665168680e+02
1.191515795854348596e+02
9.511226512434470237e+01
7.107295066325451671e+01
5.607178870029564877e+01
4.166803127346071989e+01
2.971024965808191354e+01
2.439933911398331290e+01
1.908842856988471226e+01
1.931539229004913238e+01
2.320360843077320467e+01
2.709182457149727696e+01
4.095998773541722215e+01
5.548780624628627578e+01
7.364325193607186293e+01
1.013624420066385028e+02
1.290816320772051427e+02
1.668692518613922573e+02
2.109865359280840948e+02
2.551038199947759040e+02
3.174857199226355533e+02
3.807282561999746804e+02
4.498851034178380246e+02
5.329743207036476633e+02
6.160635379894572452e+02
7.093487060602242309e+02
8.083194666247835585e+02
9.072902271893428860e+02
1.011285853475362273e+03
1.115337368055553725e+03
1.215124042976384089e+03
1.306520246994672561e+03
1.397916451012961033e+03
1.465148816314200303e+03
1.521423161732125664e+03
1.575606109213067839e+03
1.579595506206433129e+03
1.583584903199798418e+03
1.566564254483946797e+03
1.517228662367624793e+03
1.467893070251302788e+03
1.390603644528555833e+03
1.303996274270333743e+03
1.215904856077243267e+03
1.115556301236905711e+03
1.015207746396568268e+03
9.173122356119969254e+02
8.222164517690173398e+02
7.271206679260378678e+02
6.452282754573429884e+02
5.660593810887717154e+02
4.904518525665200173e+02
4.297356309768086362e+02
3.690194093870972551e+02
3.171709622739166434e+02
2.723468096385617514e+02
2.275226570032068310e+02
1.926990270877148816e+02
1.586862503657252432e+02
1.267190206235580519e+02
9.966388669008065904e+01
7.260875275660325201e+01
4.929858964549723055e+01
2.787499078325478052e+01
7.160352131793147556e+00
4.393600921672171644e+00
1.626849711551195732e+00
0.000000000000000000e+00
0.000000000000000000e+00
0.000000000000000000e+00
0.000000000000000000e+00
0.000000000000000000e+00
0.000000000000000000e+00
0.000000000000000000e+00
0.000000000000000000e+00
0.000000000000000000e+00
0.000000000000000000e+00
0.000000000000000000e+00
0.000000000000000000e+00
0.000000000000000000e+00
0.000000000000000000e+00
0.000000000000000000e+00
0.000000000000000000e+00
0.000000000000000000e+00
0.000000000000000000e+00
0.000000000000000000e+00
0.000000000000000000e+00
0.000000000000000000e+00
4.670073977385806430e+00
1.448115376180978764e+01
2.429223354623376707e+01
4.551528461378778445e+01
6.847379675204828686e+01
9.300615584410388692e+01
1.219947329394331774e+02
1.509833100347624679e+02
1.836323834940454276e+02
2.182009855344260245e+02
2.529621289894523670e+02
2.911635879099412705e+02
3.293650468304302308e+02
3.677573433688176578e+02
4.063819455662433029e+02
4.450065477636690048e+02
4.799854667179877765e+02
5.143310979727996255e+02
5.460878583665169117e+02
5.702410846563903988e+02
5.943943109462638859e+02
6.082754609440587501e+02
6.168413180502012665e+02
6.242606927582808112e+02
6.151883591249948040e+02
6.061160254917086831e+02
5.901192361475766575e+02
5.663764454997857456e+02
5.426336548519948337e+02
5.114938912201616290e+02
4.793645098875155099e+02
4.469215189022040136e+02
4.137254380706958727e+02
3.805293572391877319e+02
3.499620303619171295e+02
3.204841305123574102e+02
2.917899464339481028e+02
2.687359463479157284e+02
2.456819462618833256e+02
2.268196033402212777e+02
2.115423326871581367e+02
1.962650620340949956e+02
1.887966362596898477e+02
1.816705606782945779e+02
1.777040333896002267e+02
1.789365511751390159e+02
1.801690689606777767e+02
1.881618340508540257e+02
1.978341112679003970e+02
2.091976953613057333e+02
2.263868920288356321e+02
2.435760886963655594e+02
2.643846060491189860e+02
2.871334351056249261e+02
3.099821102706444549e+02
3.339948141184611927e+02
3.580075179662779306e+02
3.791813976363480947e+02
3.976168437675706855e+02
4.160522898987932194e+02
4.219525550575907005e+02
4.270527022819780996e+02
4.258663234632875856e+02
4.141575775243662747e+02
4.024488315854449070e+02
3.800126996174186047e+02
3.550438967821997949e+02
3.286853948477755694e+02
2.980674086824528217e+02
2.674494225171300741e+02
2.375678325270281732e+02
2.080264489570575677e+02
1.791336993706019882e+02
1.547813876687515346e+02
1.304290759669011095e+02
1.097650495598589941e+02
9.191765019453109176e+01
7.413870424904261824e+01
6.251434305092216448e+01
5.088998185280171072e+01
4.147768984763591504e+01
3.469374263847539908e+01
2.790979542931488666e+01
2.416346778235224946e+01
2.073600627727788748e+01
1.812753073325217201e+01
1.701358889215675774e+01
1.589964705106134168e+01
1.594063423314596939e+01
1.625960681286939646e+01
1.680039560287494282e+01
1.797580142693083616e+01
1.915120725098672949e+01
2.059181205939468740e+01
2.213864503240301929e+01
2.375699489358949990e+01
2.572451544411645941e+01
2.769203599464342247e+01
2.983578608073147365e+01
3.208348077364489370e+01
3.436355361191022695e+01
3.697504769079997544e+01
3.958654176968971683e+01
4.225667742602750820e+01
4.497459905019499615e+01
4.768788385358314486e+01
5.009668409246111054e+01
5.250548433133907622e+01
5.469586375097422604e+01
5.664962061642968649e+01
5.860337748188514695e+01
6.005080549609945706e+01
6.147046019779841686e+01
6.267324415414525873e+01
6.357282512598307278e+01
6.447240609782087972e+01
6.476476614504220208e+01
6.498053976933894660e+01
6.496258427502746713e+01
6.452911034763472742e+01
6.409563642024198771e+01
6.301722301730051612e+01
6.181136648446022974e+01
6.029989783798124137e+01
5.811136569858575029e+01
5.592283355919026633e+01
5.300188941547622079e+01
4.988507843664021379e+01
4.659321249111417984e+01
4.282563955432269154e+01
3.905806661753119613e+01
3.516788960286164212e+01
3.123684456223272576e+01
2.752284313018456174e+01
2.451933487836213743e+01
2.151582662653970957e+01
1.994943276973604185e+01
1.894469280027613678e+01
1.850657887675902913e+01
2.026586839970246956e+01
2.202515792264590644e+01
2.601902841546683476e+01
3.099817524370944000e+01
3.669378524747452275e+01
4.556675368181822705e+01
5.443972211616193135e+01
6.615558481023350623e+01
7.923401812583117021e+01
9.293148134273991445e+01
1.096512670189919021e+02
1.263710526952438897e+02
1.446163564447116414e+02
1.636267097984645602e+02
1.827534210404729720e+02
2.024776264694126553e+02
2.222018318983523955e+02
2.411543512680632944e+02
2.597128677857813273e+02
2.776087113753225708e+02
2.921017498060668913e+02
3.065947882368111550e+02
3.168269703473609979e+02
3.249127060409704768e+02
3.319233049362914585e+02
3.336847065223202549e+02
3.354461081083490512e+02
3.350310618735508683e+02
3.335728660914926991e+02
3.324578321662427811e+02
3.328646464755340730e+02
3.332714607848253081e+02
3.380103457568856129e+02
3.446683442837370421e+02
3.529733091810741712e+02
3.677046722691322884e+02
3.824360353571903488e+02
4.018726997898497757e+02
4.231665473194719311e+02
4.450265372354226656e+02
4.687606536716338042e+02
4.924947701078448858e+02
5.139769662078080046e+02
5.347045134367455148e+02
5.534474862208788863e+02
5.667421703606637493e+02
5.800368545004484986e+02
5.874686197615527590e+02
5.933135975751872593e+02
5.985997789445342505e+02
6.026304825884043339e+02
6.066611862322743036e+02
6.171271335263747915e+02
6.288925050190794082e+02
6.470027254841166950e+02
6.765407831738326649e+02
7.060788408635487485e+02
7.571104197411013956e+02
8.109624154261075546e+02
8.750050432698820941e+02
9.535915830295668911e+02
1.032178122789251802e+03
1.126731659326039562e+03
1.222250327163246311e+03
1.317517729734722934e+03
1.412507418065129514e+03
1.507290359505774859e+03
1.576436686616162660e+03
1.645583013726550462e+03
1.687171640454278077e+03
1.705660430096538903e+03
1.719312735660750150e+03
1.678091845327101737e+03
1.636870954993453324e+03
1.566216385470607975e+03
1.477521819025351988e+03
1.385231721636837619e+03
1.274204664860776120e+03
1.163177608084714848e+03
1.053416269763394439e+03
9.441896659812747430e+02
8.392126372679565520e+02
7.471907908494089270e+02
6.551689444308611883e+02
5.818172660664937439e+02
5.133391372446421883e+02
4.529528014030543090e+02
4.082740636996229568e+02
3.635953259961915478e+02
3.371893205144950230e+02
3.130648372787067046e+02
2.957314594369516954e+02
2.870413066421463668e+02
2.783511538473409814e+02
2.796315548055782756e+02
2.809822416412282564e+02
2.853704351279778280e+02
2.922741505762409702e+02
2.993477678596440228e+02
3.079010156879061242e+02
3.164542635161682256e+02
3.246370988979961680e+02
3.326291157468125448e+02
3.402180236435700635e+02
3.463777270739374217e+02
3.525374305043047798e+02
3.573601659348925637e+02
3.618080025281540770e+02
3.659290647053458656e+02
3.694269756704980523e+02
3.729248866356501821e+02
3.774381842645850043e+02
3.820543624805991385e+02
3.882541082830779260e+02
3.962111463861480729e+02
4.043895270487687412e+02
4.176166260935144123e+02
4.308437251382601403e+02
4.479730688952951709e+02
4.675868204969792714e+02
4.882280209591796165e+02
5.134562472084933233e+02
5.386844734578071439e+02
5.656130604467358580e+02
5.930934201260031386e+02
6.192578287678775268e+02
6.427504580308028608e+02
6.662430872937281947e+02
6.790937854986693765e+02
6.908403539911921598e+02
6.944868077777776989e+02
6.894976020844811728e+02
6.835276758279368323e+02
6.632147113338852478e+02
6.429017468398335495e+02
6.170153281432457106e+02
5.880613493816957771e+02
5.589378759841808915e+02
5.292404996964687598e+02
4.995431234087565713e+02
4.736282332435418994e+02
4.485890910968363983e+02
4.260780228703702051e+02
4.073749055864197999e+02
3.886717883024694515e+02
3.754266116717359978e+02
3.622533228104979912e+02
3.511460795625690139e+02
3.415596754466590141e+02
3.323189343929739152e+02
3.247900485045930168e+02
3.172611626162121183e+02
3.107959596113882981e+02
3.046648173282072776e+02
2.989302911397670073e+02
2.939163772924753175e+02
2.889024634451836278e+02
2.835743117804606186e+02
2.782299691030624444e+02
2.721953461513891170e+02
2.655936623550926470e+02
2.587062268049186287e+02
2.501867460027325478e+02
2.416672652005464954e+02
2.317124160332361669e+02
2.212791107442177463e+02
2.103611285207614685e+02
1.985548007545817768e+02
1.867484729884020567e+02
1.742839985575052424e+02
1.617906700974663181e+02
1.493659522082871263e+02
1.369942736965811036e+02
1.247815995076704496e+02
1.133343647331469413e+02
1.018871299586234187e+02
9.201105869424640105e+01
8.257298441863136418e+01
7.396789725380516245e+01
6.664938305653309669e+01
5.934286474033731906e+01
5.402366405578846553e+01
4.870446337123961200e+01
4.421418534563755287e+01
4.023195669164802979e+01
3.643295687482975609e+01
3.322712159868453341e+01
3.002128632253931073e+01
2.799166501774503502e+01
2.616312947386080623e+01
2.582323856087998237e+01
2.713530350413343584e+01
2.904477035038800281e+01
3.664527637786193992e+01
4.424578240533588058e+01
5.964510506949679325e+01
7.812262174785936963e+01
1.019562558599637754e+02
1.360949346252915575e+02
1.702336133906192970e+02
2.242667892222684713e+02
2.789576343784249843e+02
3.481234217534012600e+02
4.271419008907663510e+02
5.116632563083367700e+02
6.151389633577231280e+02
7.186146704071095428e+02
8.387354617867885054e+02
9.616563608108159542e+02
1.087773365948158926e+03
1.217243662745373513e+03
1.344907826066925509e+03
1.459573750112803282e+03
1.574239674158681055e+03
1.658319579236054324e+03
1.732634554774672097e+03
1.783388362134688350e+03
1.798205438232386769e+03
1.810878271386535744e+03
1.764431263382770339e+03
1.717984255379004708e+03
1.640850363543585900e+03
1.548941305418849424e+03
1.450379162370309132e+03
1.337548453541785875e+03
1.224717744713262618e+03
1.113106702722342106e+03
1.001543838839351793e+03
8.999251959082982921e+02
8.047449036100480271e+02
7.158083518809945645e+02
6.452097153669816407e+02
5.746110788529688307e+02
5.277782727685537338e+02
4.834983853460107639e+02
4.524945744510696954e+02
4.321787240819608087e+02
4.157387555437199467e+02
4.142378655186287801e+02
4.127369754935376136e+02
4.221978972577740024e+02
4.334581385357411705e+02
4.482312041879975482e+02
4.663124636684682400e+02
4.847977198324560959e+02
5.052415330177045689e+02
5.256853462029530419e+02
5.450918976020899436e+02
5.642859977920232950e+02
5.814023273785767287e+02
5.963560793983468784e+02
6.103210439476067677e+02
6.187696152403372025e+02
6.272181865330677510e+02
6.314344170354510197e+02
6.346899321437067556e+02
6.391646556936705110e+02
6.449601883888177554e+02
6.531613322374703330e+02
6.753215666571387601e+02
6.974818010768070735e+02
7.455661308451335572e+02
7.995350712140735823e+02
8.743863445399027796e+02
9.715006009354699472e+02
1.075737373370570367e+03
1.218508783865724126e+03
1.361280194360877658e+03
1.534795131343744060e+03
1.714651616009844020e+03
1.901521785083195027e+03
2.095321976324345087e+03
2.284904206644172518e+03
2.455140370391898614e+03
2.625376534139624709e+03
2.737189073718220243e+03
2.839252980559140724e+03
2.886633299885007546e+03
2.886675588227683420e+03
2.863821933836858534e+03
2.758352965343116921e+03
2.652883996849375308e+03
2.478524908721939482e+03
2.296511362857424047e+03
2.095366744391633802e+03
1.880594512566028470e+03
1.667337831322960028e+03
1.458178749803047594e+03
1.249019668283135388e+03
1.068211114140106702e+03
8.886764081446290220e+02
7.349484695863434354e+02
5.953623199951905463e+02
4.692185990814544994e+02
3.696396776968979339e+02
2.710377248939948345e+02
2.063505385684684938e+02
1.416633522429421532e+02
9.670055295283222563e+01
5.933246224422690318e+01
3.074832308773530443e+01
1.444486439858586735e+01
0.000000000000000000e+00
0.000000000000000000e+00
0.000000000000000000e+00
0.000000000000000000e+00
0.000000000000000000e+00
1.604141121994908437e+00
4.737229250891559218e+00
8.849487619280740347e+00
1.657961912607734334e+01
2.430975063287394633e+01
3.199901105837757598e+01
3.968452348079321013e+01
4.670104740562812395e+01
5.330928366446767797e+01
5.932263427253491272e+01
6.411164835775880988e+01
6.883453757567285436e+01
7.173426973775642068e+01
7.463400189984000122e+01
7.637230575739046401e+01
7.771097837037042666e+01
7.860850074316184077e+01
7.897761238869453848e+01
7.934623762306790695e+01
7.971245396408083650e+01
8.007867030509376605e+01
8.086926760226106126e+01
8.171664148993430388e+01
8.306920799773588726e+01
8.476280067959397968e+01
8.674680568507172040e+01
8.936234225143645915e+01
9.199686976110386638e+01
9.518788945785192368e+01
9.837890915459998098e+01
1.015398668187802116e+02
1.046910164458096659e+02
1.078072816322496408e+02
1.108849903317222925e+02
1.138916738112331046e+02
1.166124718576311210e+02
1.193332699040291374e+02
1.213542102858397840e+02
1.233175866173163939e+02
1.246504677415883577e+02
1.256438514465962726e+02
1.262090181551640029e+02
1.260695526632403869e+02
1.258291387965820434e+02
1.247549661311885103e+02
1.236807934657949630e+02
1.222838136646571030e+02
1.208248887516541572e+02
1.192862865911542514e+02
1.176880657909188841e+02
1.161331043143894703e+02
1.146762538530623914e+02
1.132355085334118598e+02
1.121621138262875945e+02
1.110887191191633292e+02
1.101525570354808394e+02
1.092553274418890226e+02
1.085104392527040176e+02
1.079073050344149038e+02
1.074955537432339128e+02
1.076342138160614610e+02
1.077728738888889950e+02
1.097266283215131040e+02
1.116803827541372129e+02
1.165665098548905547e+02
1.224616254005914300e+02
1.313765575181242298e+02
1.434471670757508832e+02
1.574423231626207667e+02
1.776677908950071867e+02
1.978932586273936067e+02
2.266547283945405979e+02
2.555549949427402510e+02
2.894995460619305163e+02
3.252815105241696187e+02
3.620700416419534804e+02
3.999274012702641699e+02
4.366339166444035982e+02
4.696353933437212618e+02
5.026368700430388685e+02
5.224646208556143847e+02
5.421727313725482418e+02
5.478665416294976467e+02
5.488138753593025285e+02
5.405494026786600443e+02
5.232555355956978929e+02
5.027353546201171071e+02
4.731741343332832344e+02
4.435203056449211658e+02
4.101004019610771820e+02
3.766804982772331982e+02
3.450399492196904134e+02
3.138838554929728275e+02
2.856533590298293461e+02
2.598262220673635738e+02
2.359822831766641684e+02
2.164710636402066655e+02
1.974490129729185526e+02
1.840524043010752280e+02
1.706557956292318750e+02
1.615482271330344588e+02
1.532094488570002397e+02
1.476266853716164462e+02
1.437474779542395424e+02
1.412884074007580750e+02
1.410599374227010117e+02
1.413508513032842586e+02
1.443483680248575922e+02
1.473458847464308974e+02
1.532085750569542881e+02
1.592704485581535323e+02
1.673937061201082201e+02
1.763548539683614820e+02
1.867213895880240386e+02
1.985624304104763667e+02
2.109816911951958218e+02
2.249883498538542881e+02
2.390637987699667235e+02
2.545340799276450525e+02
2.700043610853233531e+02
2.856199326635605757e+02
3.012656853436529900e+02
3.162761967571643709e+02
3.308805703117141661e+02
3.444761473973969714e+02
3.565585297797792919e+02
3.679053887631972657e+02
3.759015300402211324e+02
3.838976713172450559e+02
3.863672193061840971e+02
3.886658417295124650e+02
3.861071814982405499e+02
3.820146425339368648e+02
3.749392702362999330e+02
3.654233979386626174e+02
3.547616282051279200e+02
3.418754693313222219e+02
3.288533862373739112e+02
3.149216564393943827e+02
3.009899266414148542e+02
2.877931598737376930e+02
2.746517129040403802e+02
2.630061711890397760e+02
2.519139094997487973e+02
2.419672343737377105e+02
2.330780237676772799e+02
2.247199582217152170e+02
2.174905759284624764e+02
2.103867319722215541e+02
2.041230291944438875e+02
1.978593264166662209e+02
1.920406049191915656e+02
1.862553766363633656e+02
1.805378114814813841e+02
1.748452724150178312e+02
1.692192498535355867e+02
1.636498895000003699e+02
1.580985223668191679e+02
1.525820832496193589e+02
1.471231062328762675e+02
1.419897477853878627e+02
1.368563893378994294e+02
1.322732940258751455e+02
1.277131263444951799e+02
1.235336065112131934e+02
1.194677866845059384e+02
1.155059193734146987e+02
1.116162902511414217e+02
1.079396395871557104e+02
1.045824566106012554e+02
1.014558085728847487e+02
9.914651168195717901e+01
9.689749399289699738e+01
9.609517714865552307e+01
9.529286030441404876e+01
9.497374058103973482e+01
9.473989093781851523e+01
9.427714481822830805e+01
9.370165864311312021e+01
9.267013420998979711e+01
9.118257151885833878e+01
8.946626167176356148e+01
8.726386411824658751e+01
8.497734315412158423e+01
8.217406409626197217e+01
7.937078503840236010e+01
7.606758844590376611e+01
7.274893048635448167e+01
6.911474019295953042e+01
6.540166681610313049e+01
6.185607342473088721e+01
5.840884129467467289e+01
5.529269880583711938e+01
5.256522676538662608e+01
5.033399176121356078e+01
4.931768191482340313e+01
4.860664510925905546e+01
5.013427726975300658e+01
5.166190943024695770e+01
5.626881913888889386e+01
6.100403207870353839e+01
6.896370540911429714e+01
7.772949383717433136e+01
8.962929513889008604e+01
1.033697071759266066e+02
1.198410018698561856e+02
1.393918025385797534e+02
1.607663463772601347e+02
1.862001895297165106e+02
2.121689361728416543e+02
2.409459261419763152e+02
2.697229161111109761e+02
2.978662149794227503e+02
3.260095138477345245e+02
3.498081804263559889e+02
3.727792979974167906e+02
3.890951739018091189e+02
4.024210136950903234e+02
4.092749200000000656e+02
4.106156977777778252e+02
4.073839583462522569e+02
3.970003330232553935e+02
3.844338365684755559e+02
3.649549148630499644e+02
3.450595545456923787e+02
3.209535371521291722e+02
2.968475197585659657e+02
2.726693719121445838e+02
2.484874277260990425e+02
2.267193763759085527e+02
2.055547982346819822e+02
1.875274930841113132e+02
1.711163588681203578e+02
1.570058273624089509e+02
1.450189291277249595e+02
1.342753013187945896e+02
1.255601673624087198e+02
1.173482343406022750e+02
1.107297709449639740e+02
1.042561236708207986e+02
9.908582149013510332e+01
9.391551930944940807e+01
8.956855899061034165e+01
8.525590458268152361e+01
8.155758584533134581e+01
7.798509489593105570e+01
7.490267460563377711e+01
7.203028459780917103e+01
6.955109445344291430e+01
6.736852876747515495e+01
6.527729073815851280e+01
6.330228790821600171e+01
6.132344874580080329e+01
5.933607064981737267e+01
5.737207992097014397e+01
5.551463164241000214e+01
5.371407629310800047e+01
5.299448659971172049e+01
5.227489690631544050e+01
5.426830393186585155e+01
5.646591501153032766e+01
6.289775588215957214e+01
7.032281114820065682e+01
8.354070216352241118e+01
9.948463353144605037e+01
1.221600528120055316e+02
1.501244983096372039e+02
1.850789657389946115e+02
2.285767933071263656e+02
2.782932453406673972e+02
3.406353894706495566e+02
4.071701469194331366e+02
4.894771163770373619e+02
5.733161669287126188e+02
6.709439473270407461e+02
7.685717277253689872e+02
8.712172655344877512e+02
9.739652065560715073e+02
1.063379336993147945e+03
1.150801058952077710e+03
1.208023506556083248e+03
1.255709341205901410e+03
1.266784518253967917e+03
1.258146264285714324e+03
1.219738630173776755e+03
1.156974230489729507e+03
1.078899667724864912e+03
9.813394428571464232e+02
8.804567111374476553e+02
7.731244072933142206e+02
6.675100573280395793e+02
5.676471181745962440e+02
4.701366401058121482e+02
3.883695554497326157e+02
3.072497266031761001e+02
2.470578355978825584e+02
1.868659445925890168e+02
1.452632257301586662e+02
1.050596918677273948e+02
7.807774954412646196e+01
5.380384404173314294e+01
3.819923761363968850e+01
2.564060113057036361e+01
1.778842964293963291e+01
1.258364471524196304e+01
9.637217729356747142e+00
8.538538150409333838e+00
8.505059858378521298e+00
9.722035250988749766e+00
1.150667465248245591e+01
1.425787709612956000e+01
1.733563559133432719e+01
2.125310964768747723e+01
2.545126136252691396e+01
3.084598625301796915e+01
3.647266051871272197e+01
4.397601609287569602e+01
5.153440462126048516e+01
6.178940790651726900e+01
7.204441119177404573e+01
8.535737268872925654e+01
9.886552300770757995e+01
1.158276174973279922e+02
1.333992315464739136e+02
1.545356770005344060e+02
1.767369422248941646e+02
2.027183185185185721e+02
2.303980055823918747e+02
2.617367010790568997e+02
2.953180146474340404e+02
3.327433009178734551e+02
3.734430824530330142e+02
4.178759002403866134e+02
4.665183120993627881e+02
5.192810209339816083e+02
5.784882968330642825e+02
6.417550243692928689e+02
7.136480866344587639e+02
7.890722445786371964e+02
8.750896895598530136e+02
9.634734272946908504e+02
1.062636943129358087e+03
1.162667815458926725e+03
1.269716390338156998e+03
1.376611091370006989e+03
1.479812820064723610e+03
1.583014548759440231e+03
1.663237549624265512e+03
1.742991596859909805e+03
1.784061822114347251e+03
1.821306174865152343e+03
1.812032464374326310e+03
1.794549683899676893e+03
1.736045019983819884e+03
1.666635804773462041e+03
1.571644901105713416e+03
1.467192277049615541e+03
1.354645617723575697e+03
1.238112344010849256e+03
1.127488644929891507e+03
1.020486943203890519e+03
9.256477478319818601e+02
8.403648074525763150e+02
7.685253615695792178e+02
7.096022143203866790e+02
6.604931260162582021e+02
6.233789986449836533e+02
5.917793731707304232e+02
5.684515005420061016e+02
5.468084643631449353e+02
5.282944101626025031e+02
5.095829527100276550e+02
4.904108876693770753e+02
4.711625408224402349e+02
4.516853485566444419e+02
4.332874617886171222e+02
4.189498195121942103e+02
4.065334165577341992e+02
4.042035200435731781e+02
4.039489820261423461e+02
4.189137396514148008e+02
4.353493308278842733e+02
4.686995078431355068e+02
5.026285805010878107e+02
5.504511485838772842e+02
5.982737166666668145e+02
6.515181148148159309e+02
7.047625129629649336e+02
7.510050130718980199e+02
7.969557674291975218e+02
8.245180541598273294e+02
8.504813437055311169e+02
8.509104655773423929e+02
8.481836790849679346e+02
8.203745226327341697e+02
7.881390655993455994e+02
7.371616064313111565e+02
6.820700492337184642e+02
6.177838389983596699e+02
5.510534804871383585e+02
4.837669513136288515e+02
4.163047892993968162e+02
3.541006254953458665e+02
2.938412007553342846e+02
2.416056217656741865e+02
1.928088338118782303e+02
1.529470679830296831e+02
1.172900184482727752e+02
8.939543053905160264e+01
6.568062965896339733e+01
4.883973796080802998e+01
3.603590403616686899e+01
2.885936644535236084e+01
2.528060847780557907e+01
2.681193095258486281e+01
3.189432627711736501e+01
4.248075201485061569e+01
5.721934104675392518e+01
7.881644743642780782e+01
1.060250680279149833e+02
1.421548343960382965e+02
1.858840953146305424e+02
2.410988024792693238e+02
3.069154600248749603e+02
3.858980287728021494e+02
4.775301984798231842e+02
5.827104513751382910e+02
7.014387874587473561e+02
8.324131600331702430e+02
9.766540721393068907e+02
1.128274614361115255e+03
1.288216867138893122e+03
1.446588682006638237e+03
1.603189577529027929e+03
1.748580861719188306e+03
1.880813036954124755e+03
1.992748664583337813e+03
2.079877400694448625e+03
2.140542398055556987e+03
2.168862825833334227e+03
2.170397372361109319e+03
2.139193619583331383e+03
2.085975773217242477e+03
2.005851812465445619e+03
1.910797650279166874e+03
1.796741413539915584e+03
1.676078117083327015e+03
1.547339525416660763e+03
1.418783859999994093e+03
1.290451771111104563e+03
1.167423584533774147e+03
1.050877945226126030e+03
9.435396405555521824e+02
8.470099461111076380e+02
7.603694484645423017e+02
6.853380079285291231e+02
6.203901798994959336e+02
5.668132340591837419e+02
5.225161957565600233e+02
4.882723906197651331e+02
4.619889159128977099e+02
4.439906830820770551e+02
4.327839263748597887e+02
4.283686457912459673e+02
4.300518161920714419e+02
4.373643259631489855e+02
4.503066752525247693e+02
4.682415237373730861e+02
4.917090824399764415e+02
5.197034040480165231e+02
5.532820251964062663e+02
5.912483102693574892e+02
6.340603358585821070e+02
6.803813459595919539e+02
7.304587146464596117e+02
7.830403223905666437e+02
8.376733751402891812e+02
8.935637651515183961e+02
9.486373821489049760e+02
1.003251564326005337e+03
1.052401459371495775e+03
1.098859989113358552e+03
1.135303299915399066e+03
1.167247019599549503e+03
1.184377814646464685e+03
1.195748027890011144e+03
1.189873752312464603e+03
1.177940602284264060e+03
1.149095585702200424e+03
1.115198972617034542e+03
1.067114375623585829e+03
1.015482782653065556e+03
9.551645565425890254e+02
8.931917336435484458e+02
8.284868359560080080e+02
7.633736972081167096e+02
7.006828986394511958e+02
6.382612489795883448e+02
5.828804590242502854e+02
5.279490856457963446e+02
4.821393017290245098e+02
4.367101708900231074e+02
4.010367043367357951e+02
3.658030708049899999e+02
3.389262646825414436e+02
3.126658050907043958e+02
2.926372937528338412e+02
2.732900118888871361e+02
2.585017272735029792e+02
2.444001933786842073e+02
2.334271905442172681e+02
2.230698186581194875e+02
2.148951383162392972e+02
2.074238745748299948e+02
2.018544409013607606e+02
1.968579255754988253e+02
1.931366156039889290e+02
1.899539263504275084e+02
1.877287850398859916e+02
1.858143127606836629e+02
1.843469007948717149e+02
1.829785466182335938e+02
1.817264776723646946e+02
1.803121961225659220e+02
1.787420632474227205e+02
1.769522095641026738e+02
1.749966015868947693e+02
1.729577500973655049e+02
1.708678783906069611e+02
1.691679156071018042e+02
1.676514393757158530e+02
1.665931175042734935e+02
1.656957687863248339e+02
1.653447547766322714e+02
1.651389689805268119e+02
1.658746875820378932e+02
1.667765540184225586e+02
1.685257869301260882e+02
1.703487038831615905e+02
1.728540538831615265e+02
1.753952492458260224e+02
1.784624803914793176e+02
1.816206601746845877e+02
1.855146971162657508e+02
1.895120385981581137e+02
1.940137493062754004e+02
1.986265898244099617e+02
2.035913414075992023e+02
2.086785725273458922e+02
2.140384193897527894e+02
2.194590549856079349e+02
2.249788721991943987e+02
2.303167900604492502e+02
2.354323864910765565e+02
2.400499698842590419e+02
2.442078489351847281e+02
2.471806891565916544e+02
2.493635034916524091e+02
2.497998066984954164e+02
2.493758880063657557e+02
2.466595142361112210e+02
2.431789887731483759e+02
2.373089254918981794e+02
2.309494388020828239e+02
2.226337507060180485e+02
2.141245921412035216e+02
2.041967300607641107e+02
1.942238020312505569e+02
1.838425294618053272e+02
1.734466504687491408e+02
1.629680017418976377e+02
1.525064535834786454e+02
1.421021551541597603e+02
1.318718627283308251e+02
1.220113330599181722e+02
1.126591998958327281e+02
1.040386617013885910e+02
9.603252383362425348e+01
8.866586385689394945e+01
8.212170844269942904e+01
7.617315978068616289e+01
7.115459247719279290e+01
6.659407569356730505e+01
6.301397979589894760e+01
5.972673689013991094e+01
5.738474658734735812e+01
5.519663461527040482e+01
5.334361467499999776e+01
5.151491163307162680e+01
4.981313762783588572e+01
4.808550016292379325e+01
4.619898715999990912e+01
4.428001300198830847e+01
4.225824518619894121e+01
4.028414297052643178e+01
3.840256809625727641e+01
3.658300338304086807e+01
3.484236069298248850e+01
3.326238924603175917e+01
3.181928589506163618e+01
3.076488046491223116e+01
2.991977391520466156e+01
2.968468281106702022e+01
2.965293018878602282e+01
3.044003905139178201e+01
3.136045094642107500e+01
3.343489369213400408e+01
3.565385411325082288e+01
3.915399657239272813e+01
4.288651059576743307e+01
4.767760618953555252e+01
5.286041601675474766e+01
5.900225034656120471e+01
6.551923112174993946e+01
7.259893156501188116e+01
7.984658208700773230e+01
8.724926345091182611e+01
9.468909624704544115e+01
1.021507481382979705e+02
1.089869075837739700e+02
1.156145695473244501e+02
1.212937706796687820e+02
1.268185712115840715e+02
1.311440446158391069e+02
1.353420818203307192e+02
1.386134778014183837e+02
1.414199932387707008e+02
1.425782958392435376e+02
1.427302086879434739e+02
1.409285414302600827e+02
1.376284979679143987e+02
1.325694911348784331e+02
1.260427857476362306e+02
1.184961542464536990e+02
1.098640404545454885e+02
1.007885606565663039e+02
9.156430128639365762e+01
8.231170295008891458e+01
7.399120372251958599e+01
6.583254312299521871e+01
5.887097990849692053e+01
5.225805505757575986e+01
4.681231081515183945e+01
4.184747016417142618e+01
3.773756923131319496e+01
3.412892292568685804e+01
3.104199061983246821e+01
2.863798552762910177e+01
2.663506467201424499e+01
2.567442366666664810e+01
2.504292366666662062e+01
2.639661827896619073e+01
2.807008682025077206e+01
3.295091693972533875e+01
3.856113096090258097e+01
4.773245461980280169e+01
5.824212236111060292e+01
7.173068499551990840e+01
8.734118201201222575e+01
1.055451543843832809e+02
1.268637494265219345e+02
1.502587595818397972e+02
1.780876393333346357e+02
2.074743651591618914e+02
2.413035722222234938e+02
2.758015135315304747e+02
3.141685756936946632e+02
3.528509045045067296e+02
3.929694480480472976e+02
4.326414342042021985e+02
4.714067735435432951e+02
5.077675002702717393e+02
5.415232300000031955e+02
5.697461389189206784e+02
5.947196133933932742e+02
6.109978282282283999e+02
6.248235339339346410e+02
6.274300764492752478e+02
6.281523125603871449e+02
6.183604768115947081e+02
6.061832411411412522e+02
5.868498057057047390e+02
5.647304859903367742e+02
5.384323398550731099e+02
5.101700630434792174e+02
4.803645407004825643e+02
4.500827118357469203e+02
4.196156526570016467e+02
3.905706623188393678e+02
3.618443279295697153e+02
3.361116928354582001e+02
3.112535037288642457e+02
2.896848971467402976e+02
2.697262766059517389e+02
2.525089836490598145e+02
2.377175316606281967e+02
2.249925367934778535e+02
2.150552594323012841e+02
2.063127181451132515e+02
2.008608105555559291e+02
1.960571056982392122e+02
1.950093731542197588e+02
1.949365554735884700e+02
1.985312746599880711e+02
2.042688185761998056e+02
2.135025502094717638e+02
2.266892854884001167e+02
2.431102964774115662e+02
2.661793037340631258e+02
2.917071589253210391e+02
3.279182246642250220e+02
3.663166073260037479e+02
4.162183655677636693e+02
4.693220055555553927e+02
5.315386935897457761e+02
5.984492763736275265e+02
6.713339070207514396e+02
7.487041108669036475e+02
8.288235369963325638e+02
9.098676029304015174e+02
9.911428288156304234e+02
1.065662812393166178e+03
1.137688517341931401e+03
1.197343035451195874e+03
1.249568551282049157e+03
1.287997348595847143e+03
1.314401379404542240e+03
1.330141938029466019e+03
1.330042735328421713e+03
1.323783625445057396e+03
1.299399142265193632e+03
1.271440288367100948e+03
1.227445672038063094e+03
1.179227717526091283e+03
1.120669866083486795e+03
1.057007616850826707e+03
9.878156033456067462e+02
9.151804233950615526e+02
8.408493554938341958e+02
7.690554589318659282e+02
6.981641516666701364e+02
6.354739016666685529e+02
5.764885232716052315e+02
5.280477794444436768e+02
4.875311929629618248e+02
4.563168781481460314e+02
4.373608594444444293e+02
4.247197205555568189e+02
4.278065801851849415e+02
4.344684061111100846e+02
4.570255449999995108e+02
4.835190349382715453e+02
5.212159855555562444e+02
5.647925863749245536e+02
6.152713852576074487e+02
6.710043482619543056e+02
7.293251831471200148e+02
7.887358695061741400e+02
8.478873668218458306e+02
9.023491048727471480e+02
9.528362084109238594e+02
9.935923102110490390e+02
1.024240480602110893e+03
1.044780719584109647e+03
1.049293272687771150e+03
1.047259306207324244e+03
1.026017709113605861e+03
1.000754772842951525e+03
9.610493010862829806e+02
9.170219805555602761e+02
8.649683694444481716e+02
8.092529214152729082e+02
7.507750350093126599e+02
6.914112370786524480e+02
6.317975666666667394e+02
5.744053943820215409e+02
5.181314393882629474e+02
4.658220729712835464e+02
4.164892214107338759e+02
3.709446614856394717e+02
3.303864577965009062e+02
2.923969830773991703e+02
2.609118166321405283e+02
2.311191540387040675e+02
2.078441452996274563e+02
1.865899814500953369e+02
1.694387451035791798e+02
1.551422486267171905e+02
1.430887620474410653e+02
1.338730932674201028e+02
1.254841784431889664e+02
1.197033005398618570e+02
1.142811389453859903e+02
1.099949123289390371e+02
1.061145416290017920e+02
1.026918382391712186e+02
9.974505979797966404e+01
9.700224919191906281e+01
9.480398612994339658e+01
9.270878252354039262e+01
9.094704900188310148e+01
8.928334512626248909e+01
8.776668571969682375e+01
8.630178449494933091e+01
8.486599724747453877e+01
8.351375472222218832e+01
8.218878553030315004e+01
8.098027606060618666e+01
7.986776943181827448e+01
7.892593452020214784e+01
7.824239506313138293e+01
7.773105257575760163e+01
7.762078039141417207e+01
7.759172023174610899e+01
7.761806340634925050e+01
7.762146440625001276e+01
7.757828583933080324e+01
7.744791791650794721e+01
7.725177556730162109e+01
7.689149683777782229e+01
7.648084219823235230e+01
