3077.92119
3066.34738
3055.5206
3045.44085
3036.10813
3027.53001
3019.76768
3012.65832
3006.0981
3000.36931
2995.51304
2991.77475
2989.54911
2988.98967
2989.2603
2990.28034
2992.01059
2993.88622
2995.51217
2996.8553
2998.21146
2999.7868
3001.47189
3003.21457
3005.0247
3006.92223
3008.8986
3011.19064
3013.76284
3016.63036
3020.05517
3023.81503
3028.05208
3032.97923
3038.63086
3045.21704
3052.70349
3060.80079
3069.42238
3079.00599
3088.94556
3098.90859
3108.89254
3118.88151
3128.8887
3139.07064
3149.42315
3159.84725
3170.63286
3181.42731
3191.46473
3200.33132
3208.41457
3214.37952
3218.2766
3220.60058
3220.52759
3217.83064
3212.96122
3205.80615
3195.95291
3185.19121
3173.7261
3161.48486
3149.02617
3137.06255
3125.74774
3115.11789
3105.29394
3096.27299
3087.97299
3080.1756
3072.75214
3065.70996
3059.14542
3052.91849
3047.38818
3042.92072
3039.33737
3037.63072
3037.82331
3039.62638
3043.11113
3048.51324
3055.00051
3062.43659
3071.04297
3080.14654
3088.98623
3097.23272
3105.02803
3112.20307
3117.6466
3121.70132
3124.22106
3124.64758
3123.26496
3120.47105
3115.37437
3108.02556
3100.28448
3092.19869
3083.8059
3075.47733
3067.69087
3060.63992
3054.03857
3047.97468
3042.66819
3038.18912
3034.56204
3031.73594
3029.45295
3027.65566
3026.50541
3025.69487
3025.21797
3025.02035
3025.02645
3025.35606
3025.88572
3026.67869
3027.73031
3028.81216
3029.91575
3031.05424
3032.18443
3033.19148
3033.95575
3034.58802
3035.11739
3035.52949
3035.82092
3035.9723
3036.02663
3035.82051
3035.49927
3035.41263
3035.70471
3036.66299
3038.30537
3040.29775
3042.44952
3044.77335
3047.03038
3048.86063
3050.16923
3051.07984
3051.289
3050.33792
3048.3947
3046.23385
3043.9196
3041.47924
3039.08364
3036.9753
3035.31732
3034.10892
3033.31551
3033.0296
3033.16197
3033.31009
3033.45959
3033.61086
3033.76164
3033.77652
3033.4543
3033.01246
3032.40724
3031.48577
3030.08018
3028.26428
3026.63291
3025.3129
3024.24242
3023.5872
3023.63924
3024.2598
3025.36494
3026.93223
3028.91005
3031.25428
3034.01774
3037.14377
3040.82153
3045.17681
3049.73836
3054.39984
3059.11975
3063.95726
3069.10907
3074.89249
3081.10816
3087.60886
3094.47167
3101.79162
3109.35743
3116.71776
3123.88495
3130.90625
3137.69611
3144.38753
3151.11406
3157.88493
3164.77943
3172.02711
3179.69191
3187.2599
3194.60922
3201.85
3208.79279
3215.04057
3220.91607
3225.80601
3229.65405
3232.46994
3233.57137
3233.02059
3231.13559
3227.64076
3222.51672
3216.93908
3211.6915
3206.96454
3202.64601
3200.11241
3200.98322
3203.79579
3210.2833
3220.60024
3234.64072
3253.20005
3276.32283
3302.26172
3332.18244
3365.48936
3399.18664
3432.34464
3464.87897
3496.8961
3523.70533
3543.2097
3557.91581
3564.31352
3562.3738
3553.70313
3537.54258
3513.42921
3486.24826
3454.98083
3421.09283
3387.16674
3354.39393
3322.53959
3292.00453
3265.61834
3243.20391
3223.60923
3207.18319
3194.09315
3183.2613
3174.9737
3168.95762
3164.338
3161.54936
3159.62662
3158.96858
3159.34209
3160.06936
3161.28255
3162.83825
3164.10692
3164.80401
3165.07201
3165.03749
3164.61487
3163.29557
3161.56186
3159.82277
3158.12117
3156.42922
3154.76699
3153.36867
3152.2511
3151.7147
3151.96662
3152.61344
3153.78395
3155.48269
3157.857
3161.07153
3165.0906
3169.88408
3175.74322
3182.18009
3188.82369
3195.68051
3202.68747
3209.53914
3215.60225
3220.88552
3224.38859
3224.996
3223.58336
3220.62843
3215.44528
3208.89429
3201.91287
3194.38644
3186.65777
3179.17329
3172.11036
3165.4399
3159.21333
3153.69827
3149.10102
3144.86708
3140.85966
3136.98303
3133.1159
3129.25008
3125.39225
3121.68595
3118.46961
3115.53315
3112.5825
3109.67467
3106.6109
3103.25468
3099.7824
3095.8855
3092.03565
3089.47365
3087.21702
3084.95214
3082.65921
3080.36329
3077.93344
3075.3042
3072.9586
3071.33443
3070.48017
3070.04161
3069.60763
3069.16964
3068.72886
3068.24554
3066.75622
3064.55231
3062.50116
3060.21734
3056.92808
3053.31288
3049.69643
3046.10495
3042.52498
3039.16
3036.60265
3034.57516
3033.13291
3032.31112
3032.0473
3032.23634
3032.75425
3033.88881
3035.50239
3038.46822
3042.93779
3048.84872
3057.29405
3067.60298
3080.83598
3096.85629
3115.91393
3138.72092
3165.12772
3195.11598
3228.59792
3264.49859
3304.11455
3347.60992
3392.19379
3437.59648
3483.95824
3529.92784
3572.03347
3610.17607
3642.92606
3664.99955
3679.50881
3684.28712
3677.79056
3662.32566
3638.01053
3604.35672
3567.7458
3527.30788
3484.61038
3442.39018
3402.09855
3363.46676
3327.30679
3296.48248
3270.04341
3248.14969
3231.22353
3218.347
3208.57484
3202.20978
3197.89938
3196.32245
3196.57803
3198.98428
3203.5294
3208.69455
3214.64444
3220.99499
3227.00854
3232.39529
3237.3953
3241.90563
3245.5292
3248.31033
3249.40267
3248.58479
3246.28622
3243.00846
3238.8067
3234.04092
3230.08839
3228.04943
3227.27222
3231.20973
3240.28082
3254.36667
3276.39212
3305.34056
3341.16391
3384.32387
3432.35662
3486.22662
3546.16477
3607.78479
3671.0202
3735.85131
3799.89016
3858.45707
3912.17519
3957.55333
3987.86921
4006.59622
4008.77313
3994.25939
3967.28626
3925.84314
3872.58826
3813.36419
3745.48294
3676.27551
3606.6426
3536.5062
3466.51068
3400.04438
3338.64175
3280.94411
3230.02024
3185.14542
3146.28953
3113.64503
3086.00443
3063.00277
3044.83128
3030.17665
3019.70874
3012.1402
3008.01241
3006.39984
3007.16676
3010.32784
3014.51142
3020.2049
3026.28379
3032.71583
3039.4495
3046.12239
3052.43746
3058.46482
3064.24518
3069.38229
3073.9841
3077.44152
3079.14766
3079.57803
3079.38853
3078.74278
3078.04464
3077.22522
3076.37579
3075.52874
3074.69242
3073.85579
3072.70018
3071.35343
3070.57305
3069.88608
3069.20145
3068.52002
3067.83371
3066.93373
3065.89306
3064.91635
3064.03583
3063.62733
3063.43817
3063.24317
3063.01532
3062.75849
3062.16147
3061.25637
3060.60387
3060.1968
3060.05286
3060.65717
3062.50236
3064.98517
3067.47574
3069.95758
3072.41556
3074.60979
3076.30679
3078.08458
3080.03371
3081.94928
3083.54414
3084.79387
3085.62965
3086.06214
3086.92618
3088.35887
3090.5521
3093.58802
3097.2252
3101.1863
3105.46831
3110.15717
3115.27467
3120.94405
3127.04881
3133.32585
3139.86309
3146.85207
3154.98142
3164.85544
3176.06457
3187.62763
3199.41569
3211.4501
3223.30282
3233.70334
3242.81964
3249.49839
3252.78247
3253.52176
3250.94832
3244.48997
3236.19393
3225.92294
3214.90848
3203.48564
3191.61339
3179.71133
3168.12817
3157.01503
3146.62022
3137.78874
3130.00466
3123.05201
3117.16938
3112.13871
3107.91474
3104.4729
3101.36921
3098.61728
3096.16358
3093.95103
3092.45236
3091.79313
3092.66075
3095.29457
3099.05884
3103.53019
3108.75806
3114.13814
3119.70422
3125.46279
3131.05435
3135.96979
3140.30659
3144.0103
3146.77895
3148.7018
3150.12667
3151.07697
3151.86913
3152.47212
3152.90178
3153.17331
3153.16227
3152.61638
3151.52778
3150.11344
3148.50079
3146.84713
3145.11499
3143.34701
3141.55162
3139.63156
3137.7715
3136.39524
3135.59444
3135.15966
3134.95187
3134.96175
3135.00343
3134.98118
3134.88946
3134.95885
3135.23512
3135.57205
3135.92174
3136.28856
3136.83425
3137.48493
3137.51632
3136.12034
3133.43772
3130.12569
3126.41312
3122.34965
3118.47209
3115.14297
3112.86395
3111.66362
3110.85327
3110.2945
3109.81022
3108.82361
3107.36735
3105.57137
3103.62757
3101.75639
3100.06539
3098.28721
3096.20437
3093.92416
3091.56448
3089.08789
3086.39607
3083.5147
3080.76055
3078.22175
3075.96005
3074.36818
3073.45895
3072.90342
3072.57337
3072.49995
3072.39514
3071.98748
3071.52512
3071.12486
3070.76413
3070.45144
3070.3502
3070.45845
3071.05815
3072.10596
3073.52973
3075.2381
3077.26073
3079.61616
3082.40519
3086.22191
3091.33379
3098.23629
3106.30336
3115.04822
3125.3079
3136.18217
3147.01717
3157.76574
3168.4622
3178.40744
3187.45955
3195.54053
3201.91244
3206.86375
3208.97648
3208.0522
3204.22515
3197.632
3189.84064
3180.54735
3170.47696
3159.99021
3148.88908
3137.82012
3127.62834
3118.53139
3110.6558
3103.98205
3098.12765
3092.92534
3088.46394
3084.85267
3082.18159
3080.48917
3079.93999
3080.07699
3080.9321
3082.29635
3083.62721
3084.77876
3085.84903
3086.7124
3087.23238
3087.39512
3086.97073
3086.08741
3084.7275
3082.75571
3080.44095
3077.91217
3075.10429
3072.37687
3070.3128
3069.02018
3069.28571
3071.02652
3073.60305
3077.53261
3083.17669
3090.16699
3098.08441
3106.96601
3117.03026
3128.89905
3142.27455
3157.85543
3175.3076
3195.19735
3218.10284
3243.52525
3272.35028
3303.07491
3333.94204
3364.99836
3396.10747
3424.52923
3448.13415
3466.76588
3476.00436
3477.8709
3470.31016
3453.23731
3429.49848
3397.16475
3361.75926
3323.81734
3284.36845
3245.625
3208.65947
3173.38574
3142.06717
3114.62143
3090.58889
3070.91488
3055.4037
3043.76162
3035.45572
3029.86434
3027.34837
3026.6313
3028.08793
3030.29896
3033.64077
3037.17662
3040.67329
3044.16353
3047.55398
3050.80414
3054.02175
3057.21434
3060.37979
3063.35663
3065.94668
3067.74655
3069.47368
3071.68308
3074.07526
3076.79471
3080.05001
3084.11133
3089.29199
3095.28846
3101.97573
3109.25847
3117.25585
3126.09705
3136.25962
3147.53264
3160.3778
3174.53938
3190.54333
3208.32709
3228.34834
3250.82675
3275.42476
3301.76216
3329.4279
3359.22065
3390.93729
3424.14771
3458.56473
3493.01591
3526.33393
3558.68859
3586.78536
3609.20453
3625.57288
3632.79668
3631.86681
3620.76083
3600.45637
3573.24495
3538.78912
3501.79787
3461.51789
3420.16142
3380.59358
3343.26147
3308.59929
3279.82138
3256.07822
3237.87905
3225.29287
3216.08853
3211.49543
3208.59472
3206.9526
3206.08542
3204.44974
3202.24281
3199.69192
3196.93408
3194.19618
3191.65878
3189.31425
3188.85145
3190.3356
3194.17706
3200.93428
3209.72409
3220.89192
3233.71382
3246.8752
3260.45094
3274.06362
3286.25811
3296.67236
3304.27246
3307.58408
3307.08128
3301.59811
3291.8921
3278.138
3260.54523
3241.03287
3219.28318
3197.40417
3175.65615
3154.01536
3133.5046
3115.81919
3100.07694
3087.34781
3077.19371
3069.97372
3065.59548
3063.88658
3065.41945
3068.37031
3072.54168
3077.32418
3083.02311
3089.76088
3097.49498
3106.73854
3117.39341
3130.03724
3144.34481
3160.9447
3179.60551
3201.39077
3226.07801
3254.73668
3287.08188
3323.31841
3364.25905
3407.99426
3454.75976
3502.76031
3550.0984
3596.26947
3640.65079
3677.92697
3709.93359
3732.60648
3746.95888
3751.4702
3745.90024
3731.77384
3707.69881
3678.28896
3642.1728
3603.96662
3564.41401
3524.07688
3484.66613
3447.33334
3411.77037
3379.71632
3351.32522
3326.28218
3304.21358
3283.99729
3265.71748
3249.17895
3234.92988
3222.77062
3212.32187
3203.36017
3196.03917
3190.67592
3187.19984
3185.98815
3186.80194
3190.12603
3196.08043
3204.84319
3216.18307
3229.83481
3246.29292
3264.46458
3284.40744
3305.12808
3326.78099
3349.1722
3370.33478
3389.39453
3406.30095
3419.15518
3428.60966
3433.46944
3434.08834
3430.61563
3423.25898
3412.84855
3399.33117
3383.70348
3365.43115
3347.0279
3328.75637
3310.5537
3292.84138
3275.75026
3259.00778
3242.78711
3227.32572
3212.70655
3198.97722
3186.56845
3175.78969
3166.60177
3158.62471
3152.14987
3147.12672
3143.43969
3140.677
3138.99469
3138.06604
3137.62652
3137.6672
3137.47823
3136.72158
3135.44801
3133.45239
3130.84485
3127.69449
3123.46404
3118.84124
3114.09773
3109.26954
3104.71941
3100.64051
3096.74989
3092.9989
3089.35433
3086.03455
3083.40959
3081.21977
3079.16298
3077.17874
3075.34004
3073.77384
3072.71565
3072.35892
3072.39086
3073.13726
3074.56087
3076.1692
3077.97901
3079.61777
3080.93646
3082.26233
3083.62761
3085.10099
3086.64123
3088.18132
3089.72183
3091.22817
3092.61762
3094.00434
3095.38678
3096.63785
3097.2227
3097.27775
3096.97098
3096.42545
3095.67604
3094.69198
3093.03034
3090.15066
3085.86483
3080.94416
3075.47028
3069.26955
3063.10964
3057.4744
3052.17497
3047.54053
3043.47944
3040.47587
3038.74143
3038.64223
3040.30137
3042.9265
3046.44846
3050.38516
3054.87414
3059.79248
3064.0188
3067.32466
3069.58098
3071.66695
3073.68338
3075.64755
3077.23376
3078.08726
3077.75653
3075.94314
3073.41105
3070.57842
3067.44685
3064.51108
3062.33957
3061.391
3061.33497
3061.77839
3062.34297
3063.12459
3063.9614
3064.74435
3065.40787
3065.36748
3063.94042
3061.76479
3059.57936
3057.55582
3055.67542
3054.34351
3053.74562
3053.60996
3053.6515
3053.87615
3054.48285
3056.10791
3058.65626
3061.88745
3065.71163
3069.6776
3073.82168
3077.98943
3081.75593
3085.16096
3087.93445
3089.78955
3090.28742
3089.6481
3088.15726
3085.55322
3082.17369
3077.80112
3073.23373
3068.834
3064.4623
3060.11853
3055.85952
3051.98659
3048.38643
3044.88641
3041.69316
3039.42657
3038.23976
3037.59493
3036.63766
3035.49018
3034.5112
3033.88737
3033.95647
3035.15754
3036.99355
3039.57914
3042.90313
3046.16571
3049.03943
3052.04283
3055.80792
3060.55508
3066.86603
3073.97091
3082.14161
3091.82426
3103.43277
3116.52061
3130.61367
3145.42775
3160.22946
3174.98041
3189.59857
3203.09694
3215.7362
3226.40824
3235.23064
3241.15175
3244.43827
3244.99157
3243.26038
3239.75024
3234.88911
3229.08272
3222.52494
3214.87768
3206.33863
3196.93008
3187.22832
3177.25526
3167.16459
3157.85509
3149.51732
3142.00476
3135.68642
3130.23702
3125.64989
3121.37089
3117.21576
3113.17619
3109.50406
3106.52878
3104.13645
3102.69816
3102.58169
3103.93655
3106.63134
3110.88764
3116.30278
3122.80384
3130.02028
3137.88581
3146.72228
3157.20007
3169.55793
3183.55339
3199.30634
3217.07155
3237.51772
3259.94761
3284.39412
3309.20701
3333.72238
3357.93339
3379.87437
3398.99349
3415.42773
3429.02465
3439.70266
3447.35631
3451.98063
3453.78086
3452.52606
3447.97476
3439.54543
3427.34081
3411.33464
3392.56396
3370.22061
3346.23043
3320.83794
3295.05776
3270.4271
3246.9793
3226.1291
3208.28908
3194.12419
3183.42507
3176.18305
3172.6143
3172.28217
3174.90647
3180.05976
3187.45945
3196.40152
3206.66829
3218.7636
3232.74094
3248.48933
3265.17862
3282.83301
3300.5525
3317.86046
3334.64504
3348.06054
3358.38622
3363.39418
3363.51246
3358.93779
3350.69563
3338.23891
3322.58162
3304.29609
3285.17114
3266.15338
3247.20154
3228.73617
3211.2442
3194.80531
3179.59858
3165.53173
3153.10869
3141.65443
3131.0601
3120.56146
3110.09097
3099.66614
3090.27401
3082.1751
3075.51626
3069.86256
3065.13648
3061.74707
3059.09327
3056.96248
3054.72534
3052.35472
3050.0252
3047.76693
3045.65239
3043.84628
3042.37864
3041.64751
3041.5954
3042.005
3042.62907
3042.96677
3043.12922
3043.13382
3042.95656
3042.40057
3041.9896
3041.98256
3042.24456
3043.02763
3044.52331
3046.61985
3049.29325
3051.63001
3053.32595
3054.40712
3055.27532
3056.37748
3057.64772