0
8.7968e-320
6.5757e-311
3.7104e-302
1.5734e-293
5.0137e-285
1.2007e-276
1.4183e-220
4.4434e-140
1.355e-77
4.0223e-33
1.1622e-06
326.87
8.9487e-08
2.3847e-35
6.1856e-81
1.5618e-144
1.1548e-192
8.9721e-186
5.2385e-179
2.2986e-172
7.5793e-166
1.8781e-159
3.4975e-153
4.8945e-147
5.1474e-141
4.0682e-135
2.4162e-129
1.0784e-123
3.6173e-118
9.1182e-113
1.7272e-107
2.4588e-102
2.6304e-97
2.1147e-92
1.2777e-87
5.8009e-83
1.9793e-78
5.0751e-74
9.7793e-70
1.4161e-65
1.5411e-61
1.2603e-57
7.7454e-54
3.5772e-50
1.2416e-46
3.2384e-43
6.3477e-40
9.3503e-37
1.0351e-33
8.6106e-31
5.383e-28
2.529e-25
8.9289e-23
2.369e-20
4.7236e-18
7.0779e-16
7.9701e-14
6.7445e-12
4.2891e-10
2.0498e-08
7.3616e-07
1.9869e-05
0.00040299
0.0061424
0.070358
0.60565
3.9179
19.046
69.582
191.04
394.14
611.12
712.07
623.51
410.29
202.9
75.402
21.058
4.4195
0.69705
0.082619
0.007359
0.0004926
2.4779e-05
9.3673e-07
2.6611e-08
5.6967e-10
1.169e-10
5.6656e-09
2.2375e-07
6.6402e-06
0.00014807
0.002481
0.031236
0.2955
2.1006
11.22
45.032
135.81
307.76
524.03
670.48
644.59
465.65
252.76
103.09
31.596
7.2762
1.2591
0.16371
0.015995
0.0011742
6.4772e-05
2.6848e-06
8.3618e-08
1.9569e-09
3.4412e-11
1.3401e-12
3.2609e-09
3.9137e-06
0.0015308
0.19513
8.1056
109.73
484.1
696
326.11
49.795
2.4778
0.040324
0.0047181
0.094137
1.287
11.514
67.41
258.25
647.43
1062.1
1140.2
801
368.22
110.77
21.805
2.8088
0.23677
0.01306
0.00047143
1.1135e-05
1.7212e-07
1.741e-09
1.1523e-11
4.9911e-14
1.4146e-16
2.6238e-19
3.1845e-22
2.5292e-25
1.3145e-28
4.4706e-32
9.9495e-36
1.449e-39
1.3809e-43
8.6119e-48
3.5145e-52
9.3855e-57
1.6401e-61
1.8756e-66
1.4035e-71
6.873e-77
2.2024e-82
4.6183e-88
6.3371e-94
5.6903e-100
3.3436e-106
1.2856e-112
3.2349e-119
1.7486e-94
2.3398e-62
1.1502e-36
2.0773e-17
0.00013782
335.92
300.79
9.8945e-05
1.1957e-17
5.3085e-37
8.6579e-63
5.1876e-95
1.1419e-133
9.236e-179
1.6596e-179
1.1435e-176
7.4861e-174
4.6568e-171
2.7524e-168
1.5458e-165
8.2486e-163
4.1822e-160
2.0148e-157
9.2228e-155
4.0114e-152
1.6577e-149
6.5095e-147
2.4287e-144
8.6099e-142
2.9002e-139
9.2821e-137
2.8227e-134
8.1563e-132
2.2393e-129
5.8417e-127
1.448e-124
3.4102e-122
7.6313e-120
1.6226e-117
3.2782e-115
6.293e-113
1.1478e-110
1.9893e-108
3.2758e-106
5.1254e-104
7.6198e-102
1.0764e-99
1.4447e-97
1.8424e-95
2.2326e-93
2.5705e-91
2.8121e-89
2.9231e-87
2.8871e-85
2.7094e-83
2.4159e-81
2.0469e-79
1.6478e-77
1.2604e-75
9.1604e-74
6.3259e-72
4.1508e-70
2.5878e-68
1.533e-66
8.6288e-65
4.6148e-63
2.3451e-61
1.1323e-59
5.1948e-58
2.2645e-56
9.3794e-55
3.6913e-53
1.3803e-51
4.9043e-50
8.1858e-32
5.8143e-06
327.03
1.4566e-08
5.1375e-37
3.3727e-41
8.3786e-40
1.9777e-38
4.4357e-37
9.4539e-36
2.9769e-34
4.6218e-30
9.7915e-26
1.0131e-21
5.1148e-18
1.2601e-14
1.515e-11
8.8882e-09
2.5446e-06
0.00035548
0.024234
0.80618
13.087
103.67
400.74
755.93
695.82
312.55
68.508
7.3277
0.38247
0.0097414
0.00012108
7.3448e-07
3.118e-09
5.3322e-09
2.8565e-08
1.4548e-07
7.0403e-07
3.2372e-06
1.4143e-05
5.8712e-05
0.00023158
0.00086793
0.0030907
0.010458
0.033621
0.1027
0.2981
0.82212
2.1543
5.3639
12.69
28.525
60.925
123.64
238.42
436.83
760.46
1257.9
1977
2952.4
4189.4
5648.3
7235.7
8807.3
10186
11194
11688
11596
10931
9791
8332.7
6738.3
5177.4
3779.8
2622
1728.2
1082.3
644.02
364.13
195.62
99.855
48.431
22.319
9.7732
4.0662
1.6075
0.6038
0.2155
0.07308
0.023548
0.0072094
0.0020973
0.0005797
0.00015225
3.7993e-05
9.0084e-06
2.0295e-06
4.3445e-07
8.8366e-08
1.7078e-08
3.136e-09
5.4717e-10
9.0712e-11
1.4289e-11
2.1387e-12
3.0416e-13
4.11e-14
5.2769e-15
6.4375e-16
7.4621e-17
8.2186e-18
8.6008e-19
8.5522e-20
8.0801e-21
7.2536e-22
6.1871e-23
5.0145e-24
3.8616e-25
2.8255e-26
1.9644e-27
1.2977e-28
8.1452e-30
4.8577e-31
2.7528e-32
1.4822e-33
7.5828e-35
3.6861e-36
1.7025e-37
7.4718e-39
3.1157e-40
1.2345e-41
4.6474e-43
1.6624e-44
5.6502e-46
1.8247e-47
5.5991e-49
1.6325e-50
1.1398e-51
1.6059e-46
1.9673e-41
1.2638e-36
4.2578e-32
7.5227e-28
6.9702e-24
3.3869e-20
8.6308e-17
1.1534e-13
8.0833e-11
2.9709e-08
5.7263e-06
0.00057882
0.030683
0.85297
12.435
95.074
381.2
801.55
883.88
511.14
155.02
24.853
7.3049
61.809
323.04
752.55
780.33
360.15
73.983
6.7646
0.2753
0.0049869
4.0208e-05
1.4429e-07
2.3048e-10
1.6387e-13
5.1855e-17
7.3038e-21
4.579e-25
1.2777e-29
1.587e-34
8.773e-40
2.1587e-45
2.3642e-51
1.1525e-57
2.5006e-64
2.4149e-71
1.0381e-78
1.9861e-86
1.6914e-94
6.411e-103
1.0816e-111
8.1221e-121
2.7147e-130
4.0386e-140
2.6743e-150
7.8818e-161
1.034e-171
6.0411e-183
4.6578e-189
5.4234e-192
6.0001e-195
6.3074e-198
6.3e-201
5.979e-204
5.3916e-207
4.6196e-210
3.7609e-213
2.9093e-216
2.1383e-219
1.4933e-222
9.9092e-226
6.2478e-229
3.7429e-232
2.1306e-235
1.1523e-238
5.9219e-242
2.8916e-245
1.3416e-248
5.9143e-252
2.4773e-255
9.8598e-259
3.7286e-262
1.3398e-265
4.5741e-269
1.4838e-272
4.5736e-276
1.3395e-279
3.7275e-283
9.8557e-287
2.4761e-290
5.9107e-294
1.3406e-297
2.8893e-301
5.9164e-305
1.1511e-308
2.1282e-312
3.7383e-316
0
0
0
0
2.879e-310
4.9973e-294
3.1961e-278
7.5316e-263
6.5394e-248
2.092e-233
2.4658e-219
1.0709e-205
1.7136e-192
1.0103e-179
2.1948e-167
1.7567e-155
5.1806e-144
5.6292e-133
2.2537e-122
3.3245e-112
1.8069e-102
3.6184e-93
2.6698e-84
7.2582e-76
7.2703e-68
2.6833e-60
3.6488e-53
1.8282e-46
3.3749e-40
2.2956e-34
5.7531e-29
5.3124e-24
1.8074e-19
2.2657e-15
1.0465e-11
1.7809e-08
1.1167e-05
0.0025799
0.21961
6.8877
79.595
338.9
531.67
307.32
65.452
5.1361
0.1485
0.0015819
6.2093e-06
8.9799e-09
4.785e-12
9.3944e-16
6.7958e-20
1.8113e-24
1.7788e-29
6.4363e-35
1.7084e-35
1.4501e-29
3.8101e-24
3.0992e-19
7.8042e-15
6.0838e-11
1.4682e-07
0.00010969
0.025369
1.8164
40.262
276.27
586.87
385.93
78.569
4.9517
0.09661
0.00058352
1.0911e-06
6.3157e-10
1.1317e-13
6.2784e-18
1.0782e-22
5.7324e-28
9.4347e-34
4.8071e-40
7.5825e-47
3.7026e-54
5.597e-62
2.6193e-70
3.7946e-79
1.7018e-88
2.3628e-98
1.0156e-108
1.3513e-119
5.5665e-131
7.0984e-143
2.8023e-155
3.4247e-168
1.2957e-181
1.5175e-195
5.5023e-210
6.1762e-225
1.1868e-225
1.5626e-215
1.211e-205
5.5244e-196
1.4834e-186
2.3447e-177
2.1815e-168
1.1947e-159
3.8515e-151
7.3083e-143
8.1631e-135
5.367e-127
2.0771e-119
4.7317e-112
6.3448e-105
5.008e-98
2.3268e-91
6.3633e-85
1.0244e-78
9.7066e-73
5.4141e-67
1.7776e-61
3.4353e-56
3.9079e-51
2.6168e-46
1.0314e-41
2.393e-37
3.268e-33
2.6271e-29
1.2431e-25
3.4625e-22
5.6768e-19
5.4785e-16
2.3302e-06
313.36
2.3504e-06
2.3731e-06
0.00016184
0.0064967
0.15351
2.1352
17.481
84.247
238.99
399.06
392.23
226.93
77.281
15.492
1.828
0.12697
0.0051909
0.00012492
1.7696e-06
1.4756e-08
7.2424e-11
2.0924e-13
3.5584e-16
3.5621e-19
2.0989e-22
7.2799e-26
1.4863e-29
1.7861e-33
1.2635e-37
5.2611e-42
1.2895e-46
1.8604e-51
1.5799e-56
7.8976e-62
2.3238e-67
4.0249e-73
4.1034e-79
2.4625e-85
8.6989e-92
1.8088e-98
2.2138e-105
1.5949e-112
6.7638e-120
1.6884e-127
2.4809e-135
2.1457e-143
1.0924e-151
3.2738e-160
5.7749e-169
5.9963e-178
3.6649e-187
1.3185e-196
2.7922e-206
3.4806e-216
2.5539e-226
1.103e-236
2.8043e-247
4.1966e-258
3.6967e-269
1.9168e-280
5.8502e-292
1.051e-303
1.1115e-315
0
0
0
0
0
0
0
0
0
0
0
0
0
0
0
0
0
4.2387e-289
3.1764e-200
1.6504e-127
5.9457e-71
1.4852e-30
2.5722e-06
308.89
2.5719e-06
1.4848e-30
5.9433e-71
1.6495e-127
3.1743e-200
4.2354e-289
0
0
0
0
0
0
0
0
0
0
0
0
0
0
0
0
0
0
0
0
0
2.1428e-317
3.0715e-301
1.6765e-285
3.4842e-270
2.7573e-255
8.309e-241
9.5342e-227
4.1658e-213
6.9308e-200
4.3908e-187
6.6392e-155
1.0282e-115
3.9802e-82
3.8513e-54
9.3151e-32
5.6317e-15
0.00085107
321.49
303.56
0.00071645
4.2268e-15
6.2331e-32
2.2977e-54
6.8883e-52
2.2387e-45
2.7706e-39
1.3056e-33
2.3427e-28
1.6007e-23
6.2065e-06
300.14
6.2057e-06
2.2358e-08
1.2229e-05
0.0025471
0.20201
6.1004
70.151
307.17
512.15
325.16
78.607
7.2361
0.25365
0.0033855
1.7207e-05
3.33e-08
2.4539e-11
6.8859e-15
7.3576e-19
2.9935e-23
4.6377e-28
2.7359e-33
6.1458e-39
5.2569e-45
1.7122e-51
2.1235e-58
1.0028e-65
1.8033e-73
1.2348e-81
3.2196e-90
3.1965e-99
1.2084e-108
1.7396e-118
9.5358e-129
1.9904e-139
1.5819e-150
4.7876e-162
5.5172e-174
2.421e-186
4.0453e-199
2.5738e-212
6.2356e-226
5.7525e-240
2.0208e-254
2.703e-269
1.3767e-284
2.6701e-300
1.9719e-316
0
0
0
0
0
0
0
0
0
0
0
0
0
0
0
0
0
0
0
0
0
0
0
0
0
0
0
0
0
0
0
0
0
0
0
0
0
0
0
0
6.9757e-313
1.0626e-295
5.3364e-279
8.8355e-263
4.823e-247
8.6796e-232
5.1497e-217
1.0073e-202
6.496e-189
1.3811e-175
9.6809e-163
2.2372e-150
1.7045e-138
4.2813e-127
3.5453e-116
9.6793e-106
8.7122e-96
2.5853e-86
2.5293e-77
8.158e-69
8.6751e-61
3.0413e-53
3.5152e-46
1.3395e-39
1.6828e-33
6.9696e-28
9.5169e-23
4.2844e-18
6.3588e-14
3.1114e-10
5.0194e-07
0.00026696
0.046809
2.7059
51.571
324.04
671.26
458.44
103.22
7.6624
0.18752
0.001513
4.0247e-06
3.5296e-09
1.0205e-12
9.7278e-17
3.0571e-21
3.1674e-26
1.0819e-31
1.2184e-37
4.5235e-44
5.537e-51
2.2344e-58
2.9728e-66
1.3039e-74
1.8856e-83
8.9897e-93
1.413e-102
7.3221e-113
1.2509e-123
7.0458e-135
1.3084e-146
8.0098e-159
1.6167e-171
1.0758e-184
2.36e-198
1.7069e-212
4.0701e-227
3.1997e-242
8.2928e-258
7.086e-274
1.9962e-290
1.8539e-307
0
0
0
0
0
0
0
0
0
0
0
0
0
0
0
0
0
0
0
0
0
0
0
0
0
0
0
0
0
0
0
0
0
0
0
0
0
0
0
0
0
7.1047e-321
1.4586e-303
9.3452e-287
2.0048e-270
1.4402e-254
3.464e-239
2.7899e-224
7.5238e-210
6.7941e-196
2.0543e-182
2.0798e-169
7.0509e-157
8.0038e-145
3.0422e-133
3.8718e-122
1.65e-111
2.3545e-101
1.125e-91
1.7999e-82
9.6421e-74
1.7296e-65
1.0389e-57
2.0893e-50
1.407e-43
3.1727e-37
2.3955e-31
6.0564e-26
5.1271e-21
1.4533e-16
1.3794e-12
4.384e-09
4.6653e-06
0.0016624
0.19835
7.9242
106.01
474.84
712.19
357.68
60.148
3.3868
0.063857
0.00040315
8.5223e-07
6.0324e-10
1.4298e-13
1.1347e-17
3.0153e-22
2.683e-27
7.9939e-33
7.9751e-39
2.6641e-45
2.9799e-52
1.1161e-59
1.3997e-67
5.8777e-76
8.2646e-85
3.8914e-94
5.7473e-91
8.0733e-84
5.875e-77
2.2149e-70
4.3258e-64
4.3768e-58
2.2942e-52
6.2299e-47
8.7642e-42
6.3873e-37
2.4116e-32
4.7169e-28
4.7797e-24
2.5091e-20
6.8236e-17
9.6135e-14
7.0167e-11
2.6531e-08
5.1972e-06
0.00052741
0.027728
0.75518
10.655
77.887
294.94
578.61
588.05
309.61
84.451
11.933
0.87358
0.03313
0.0006509
6.6251e-06
3.4933e-08
9.5426e-11
1.3504e-13
9.9005e-17
3.7603e-20
7.3988e-24
7.5418e-28
3.9826e-32
1.0895e-36
1.5442e-41
1.1338e-46
4.3125e-52
8.4979e-58
8.6751e-64
4.5879e-70
1.257e-76
1.7841e-83
1.3119e-90
4.9975e-98
9.8623e-106
1.0083e-113
5.3404e-122
1.4653e-130
2.0829e-139
1.5339e-148
5.8517e-158
1.1565e-167
1.1842e-177
6.2811e-188
1.726e-198
2.4571e-209
1.8121e-220
6.9236e-232
1.3704e-243
1.4052e-255
7.4648e-268
2.0543e-280
2.9288e-293
2.1632e-306
8.1368e-320
0
0
0
0
0
0
0
0
0
0
0
0
0
0
2.768e-305
5.9946e-288
4.0779e-271
8.7136e-255
5.8485e-239
1.233e-223
8.1655e-209
1.6985e-194
1.1098e-180
2.2778e-167
1.4684e-154
2.9736e-142
1.8914e-130
3.7791e-119
2.3717e-108
4.6754e-98
2.8951e-88
5.6311e-79
3.4403e-70
6.6023e-62
3.9799e-54
7.5358e-47
4.482e-40
8.3733e-34
4.9137e-28
9.0573e-23
5.2441e-18
9.5375e-14
5.4485e-10
9.7769e-07
0.00055107
0.097566
5.4259
94.783
520.08
896.39
485.29
82.527
4.4083
0.073965
0.00038982
6.4534e-07
3.3558e-10
5.4814e-14
2.8123e-18
4.5323e-23
2.2943e-28
3.6482e-34
1.8222e-40
2.8588e-47
1.4088e-54
2.1808e-62
1.0603e-70
1.6195e-79
7.7714e-89
3.3827e-83
1.7368e-74
3.028e-66
1.7925e-58
3.6032e-51
2.4594e-44
5.7001e-38
4.4859e-32
1.1988e-26
1.0877e-21
3.3515e-17
3.5064e-13
1.2456e-09
1.5026e-06
0.00061547
0.085602
4.0427
64.831
353.02
652.73
409.81
87.366
6.3243
0.15545
0.0012975
3.6772e-06
3.6884e-09
3.433e-07
0.00024155
0.052145
3.4537
70.184
437.58
837.06
491.28
88.465
4.8875
0.082847
0.00043086
6.8751e-07
3.3658e-10
5.0556e-14
2.3298e-18
3.2942e-23
1.4291e-28
1.9021e-34
7.7675e-41
9.732e-48
3.7411e-55
4.4123e-63
1.5966e-71
1.7726e-80
6.0382e-90
6.3106e-100
2.0235e-110
1.9907e-121
6.0089e-133
5.5648e-145
1.5812e-157
1.3784e-170
3.6868e-184
3.0255e-198
7.6175e-213
5.8845e-228
1.3947e-243
1.0142e-259
2.2627e-276
1.5489e-293
3.2529e-311
0
0
0
0
0
0
0
0
0
0
0
0
0
0
0
0
0
0
0
0
0
0
0
0
0
0
0
0
0
0
0
0
0
0
0
0
0
0
0
0
0
0
0
0
0
0
0
0
0
0
0
0
0
0
0
0
2.6347e-282
1.6849e-195
1.7746e-124
3.0782e-69
8.7937e-30
4.1374e-06
320.59
4.0913e-06
8.5991e-30
2.9766e-69
1.6969e-124
1.5932e-195
2.4637e-282
0
0
0
0
0
0
0
0
0
0
0
0
0
0
0
0
0
0
0
0
0
0
0
0
0
0
0
0
0
0
0
0
0
0
0
3.0229e-283
2.1989e-231
1.041e-184
3.2072e-143
6.4306e-107
8.3912e-76
7.126e-50
3.9384e-29
1.4165e-13
0.0033158
505.13
500.79
0.0032312
1.3568e-13
3.7077e-29
6.594e-50
7.632e-76
5.7488e-107
2.8181e-143
8.9906e-185
1.8667e-231
2.5223e-283
0
0
0
0
0
0
0
0
0
0
0
0
0
0
0
0
0
0
0
0
0
0
0
0
0
0
0
0
0
0
0
0
0
0
0
0
0
0
0
0
0
0
0
0
0
0
0
0
0
0
0
0
0
0
0
0
0
0
0
0
0
0
0
0
0
0
0
0
0
0
0
0
0
0
0
0
0
0
0
0
0
0
0
0
0
0
0
0
0
0
0
0
0
0
0
0
0
0
0
2.4853e-308
1.6359e-295
5.7848e-283
1.0988e-270
1.1212e-258
6.146e-247
1.8097e-235
2.8625e-224
2.4323e-213
1.1102e-202
2.7222e-192
3.5855e-182
2.537e-172
9.6428e-163
1.9689e-153
2.1595e-144
1.2724e-135
4.0271e-127
6.847e-119
6.2536e-111
3.0682e-103
8.0866e-96
2.9357e-64
1.7105e-27
1.7275e-05
302.37
9.1735e-06
4.8238e-28
1.9834e-51
3.6248e-46
3.5586e-41
1.8767e-36
5.3168e-32
8.0913e-28
6.6148e-24
2.9049e-20
6.8529e-17
8.6845e-14
5.912e-11
2.162e-08
4.2471e-06
0.00044819
0.025407
0.77368
12.656
111.21
524.99
1331.2
1813.4
1326.9
521.6
110.14
12.493
0.76125
0.024918
0.00043814
4.1385e-06
2.0999e-08
5.7236e-11
8.3805e-14
6.5917e-17
2.7851e-20
6.3215e-24
7.7076e-28
5.0483e-32
1.7762e-36
3.3571e-41
3.4084e-46
1.859e-51
5.4465e-57
8.572e-63
7.2473e-69
3.2915e-75
8.0303e-82
1.0524e-88
7.4095e-96
2.8022e-103
5.6929e-111
6.213e-119
3.6424e-127
1.1471e-135
1.9406e-144
1.7636e-153
8.6094e-163
2.2578e-172
3.1806e-182
2.4069e-192
9.7846e-203
2.1367e-213
2.5066e-224
1.5795e-235
5.347e-247
9.7232e-259
9.498e-271
4.984e-283
1.4049e-295
2.1274e-308
0
0
0
0
0
0
0
0
0
0
0
0
0
0
0
0
0
0
0
0
0
0
0
0
0
0
0
0
0
0
0
0
0
0
0
0
0
0
0
0
0
0
0
0
0
0
0
0
0
0
0
0
0
0
0
0
0
0
0
0
0
0
0
0
0
0
0
0
0
0
0
0
0
0
0
0
0
0
0
0
0
0
0
0
0
0
0
0
0
0
0
1.8914e-281
6.5386e-195
4.1697e-124
4.9048e-69
1.0643e-29
4.2597e-06
314.5
4.2831e-06
1.076e-29
4.986e-69
4.262e-124
3.9947e-101
1.0236e-71
3.2727e-47
1.3054e-27
6.4965e-13
0.0040337
312.47
301.99
0.0036414
5.4781e-13
1.0282e-27
2.4078e-47
7.0347e-72
2.5642e-101
1.1661e-135
6.6167e-175
4.6839e-219
4.1368e-268
0
0
0
0
0
1.3151e-313
1.8778e-300
1.4075e-287
5.5386e-275
1.1441e-262
1.2407e-250
7.0634e-239
2.111e-227
3.3119e-216
2.7278e-205
1.1794e-194
2.6772e-184
4.8352e-174
3.0385e-135
6.8538e-101
1.8881e-71
6.3525e-47
2.6103e-27
1.3099e-12
0.0080286
600.98
549.41
0.0061342
8.3646e-13
1.393e-27
2.8333e-47
1.5256e-62
1.1522e-56
4.5685e-51
9.5091e-46
1.0391e-40
5.9603e-36
1.7949e-31
2.8375e-27
2.3548e-23
1.0259e-19
2.3465e-16
2.8173e-13
1.7758e-10
5.876e-08
1.0207e-05
0.00093078
0.044559
1.1198
14.774
102.32
372.03
710.11
711.54
374.29
103.36
14.983
1.1403
0.045556
0.00095546
1.052e-05
6.0805e-08
1.845e-10
2.9389e-13
2.4576e-16
1.0789e-19
2.4863e-23
3.008e-27
1.9104e-31
6.3696e-36
1.1149e-40
1.0244e-45
4.9415e-51
1.2513e-56
1.6635e-62
1.1609e-68
4.253e-75
8.1796e-82
8.2585e-89
4.3773e-96
1.218e-103
1.7791e-111
4.8428e-101
1.3633e-71
4.6447e-47
1.915e-27
9.5542e-13
0.0057687
421.5
372.7
0.003988
5.1641e-13
8.0925e-28
1.5346e-47
3.5219e-72
9.7809e-102
1.4712e-97
4.9741e-69
2.851e-45
2.7705e-26
4.5641e-12
0.012747
603.59
484.54
0.0065943
1.5215e-12
5.9514e-27
3.9467e-46
4.4371e-70
8.4573e-99
2.7329e-132
1.4971e-170
1.3905e-213
2.1894e-261
5.8445e-314
0
0
0
0
