2.183731974111109594e+03
2.199342745944443777e+03
2.215356589866667036e+03
2.234370508333333873e+03
2.253384642500000155e+03
2.260623202669999500e+03
2.232320570500000485e+03
2.204018299994444078e+03
2.194773457944445454e+03
2.216434379833333423e+03
2.238095534333333035e+03
2.238511414555554893e+03
2.219005500888888491e+03
2.199499975666666160e+03
2.192921799277777609e+03
2.193218677555556042e+03
2.193516114333333917e+03
2.199381322777776859e+03
2.206712483333334148e+03
2.214043878277778731e+03
2.230403016111112265e+03
2.247415143888888906e+03
2.262501678333333075e+03
2.253984796111110427e+03
2.245467514999999366e+03
2.241258974555554687e+03
2.252286655555555626e+03
2.263314530555554938e+03
2.282468482777779172e+03
2.315603083333333416e+03
2.348737789444443479e+03
2.389031312777778112e+03
2.436019997777777462e+03
2.483009288333334098e+03
2.529775711666665757e+03
2.576432049999999890e+03
2.623088583333333190e+03
2.653889322222222290e+03
2.681238672222221339e+03
2.708588377777777623e+03
2.768514350000000832e+03
2.829220105555555165e+03
2.878370705555555560e+03
2.852868622222222712e+03
2.827366544444444571e+03
2.826963805555556519e+03
2.886972777777777537e+03
2.946981494444443797e+03
2.975891944444442743e+03
2.967559516666668060e+03
2.959227616666666563e+03
2.982344966666665641e+03
3.024849044444445099e+03
3.067353238888889337e+03
3.131228138888889134e+03
3.200980244444444452e+03
3.270733266666667532e+03
3.320933672222222867e+03
3.370148066666664818e+03
3.436223449999998593e+03
3.623968711111111134e+03
3.811713622222222511e+03
4.061500172222223227e+03
4.460627072222221614e+03
4.859754733333332297e+03
5.495425722222221339e+03
6.400708888888888396e+03
7.305993388888886329e+03
8.758530444444442765e+03
1.051463244444444172e+04
1.227073050000000148e+04
1.446979738888887914e+04
1.676536099999999715e+04
1.906066527777778174e+04
2.111563427777777542e+04
2.317060022222223415e+04
2.500314561111110015e+04
2.584321177777778212e+04
2.668327511111111016e+04
2.704522127777778951e+04
2.658287094444444301e+04
2.612052838888889528e+04
2.515358416666666744e+04
2.377905188888888370e+04
2.240452227777777807e+04
2.057780722222222175e+04
1.859324949999999444e+04
1.660869438888889636e+04
1.481758705555554661e+04
1.304073138888889662e+04
1.131609188888888093e+04
9.961898833333338189e+03
8.607707277777777563e+03
7.479798388888884801e+03
6.837822222222222081e+03
6.195843833333331531e+03
5.751808999999998377e+03
5.494997388888888054e+03
5.238186399999996866e+03
5.163246338888887294e+03
5.161822150000000875e+03
5.160397072222225688e+03
5.256717277777775053e+03
5.362423572222221992e+03
5.482653727777779750e+03
5.715039277777777897e+03
5.947423611111107675e+03
6.163366555555557170e+03
6.344194111111113671e+03
6.525023888888887996e+03
6.671576277777773612e+03
6.787143222222221084e+03
6.902708888888888396e+03
6.961459222222225435e+03
6.999564999999998690e+03
7.037671055555550993e+03
6.999328388888891823e+03
6.956438944444445951e+03
6.909423555555555140e+03
6.840132000000002336e+03
6.770840555555558240e+03
6.690198111111109029e+03
6.590267000000000735e+03
6.490336999999998625e+03
6.465773444444443157e+03
6.494269555555552870e+03
6.522765666666668039e+03
6.793835444444442146e+03
7.123595055555554609e+03
7.476565833333331284e+03
8.715399388888892645e+03
9.954233499999998457e+03
1.167742349999999715e+04
1.487027866666667069e+04
1.806312711111109820e+04
2.258673849999999584e+04
2.859768722222223005e+04
3.460863383333331149e+04
4.036951500000000669e+04
4.602248055555554311e+04
5.167545222222222219e+04
5.382147666666668374e+04
5.569089055555553205e+04
5.721623555555554776e+04
5.689714555555558036e+04
5.657805944444444322e+04
5.556450000000000728e+04
5.346257388888890273e+04
5.136063833333334333e+04
4.809524111111109960e+04
4.412828444444444904e+04
4.016132944444445457e+04
3.492211277777778014e+04
2.947599499999999171e+04
2.418111350000001403e+04
2.027192155555556383e+04
1.636272955555554654e+04
1.330084388888888134e+04
1.189360044444443702e+04
1.048635088888888822e+04
9.779642611111117731e+03
9.578347499999999854e+03
9.377052499999999782e+03
9.600353666666665958e+03
9.913647944444446694e+03
1.024895211111111166e+04
1.087089161111110843e+04
1.149282538888888848e+04
1.205062788888888826e+04
1.247181722222222561e+04
1.289299661111111709e+04
1.306350888888889131e+04
1.304463422222223016e+04
1.302575844444444738e+04
1.267566777777777679e+04
1.225373438888888813e+04
1.181575788888889110e+04
1.118221099999999569e+04
1.054866961111110868e+04
9.921685055555557483e+03
9.307921722222215976e+03
8.694157888888888920e+03
8.067494444444445435e+03
7.431866722222222052e+03
6.796238277777782059e+03
6.401127833333332092e+03
6.048489777777778727e+03
5.717951933333333727e+03
5.562870116666666036e+03
5.407788405555554164e+03
5.308640766666665513e+03
5.302407161111113055e+03
5.296172772222224012e+03
5.262991938888889308e+03
5.214762016666669297e+03
5.166532261111109619e+03
5.134980727777777247e+03
5.105088711111110570e+03
5.077023483333336117e+03
5.057322555555555482e+03
5.037621522222223575e+03
5.035164377777775371e+03
5.053697627777775779e+03
5.072231066666665356e+03
5.069855672222223802e+03
5.059537022222219093e+03
5.049205888888880509e+03
5.002021405555557067e+03
4.954836644444445483e+03
4.915351133333337202e+03
4.895867155555551108e+03
4.876383027777776988e+03
4.870832616666667491e+03
4.876342027777776821e+03
4.881851661111110843e+03
4.864996716666663815e+03
4.843848700000002282e+03
4.832283977777775362e+03
4.889436822222221963e+03
4.946590327777777020e+03
4.972062077777780360e+03
4.951518761111111417e+03
4.930975683333334928e+03
4.919517133333336460e+03
4.912045055555555336e+03
4.904572466666665605e+03
4.909926511111110813e+03
4.915484233333333577e+03
4.911934355555556976e+03
4.884432394444444981e+03
4.856930238888889107e+03
4.842191127777776273e+03
4.837134638888888730e+03
4.832078205555554632e+03
4.850574344444442431e+03
4.872788327777778250e+03
4.887901311111111681e+03
4.865914122222225160e+03
4.843927316666665320e+03
4.853490383333334648e+03
4.900157505555554053e+03
4.946824016666667376e+03
4.937886127777778711e+03
4.911426611111112834e+03
4.885078666666667232e+03
4.860377338888887607e+03
4.835676227777776148e+03
4.844930411111112335e+03
4.912538011111111700e+03
4.980146222222221695e+03
4.953475816666667015e+03
4.881299233333335906e+03
4.809122916666666242e+03
4.799547544444443702e+03
4.791055233333334400e+03
4.775613511111110711e+03
4.743435049999999137e+03
4.711256588888889382e+03
4.700611244444444310e+03
4.703976544444445608e+03
4.707342116666668517e+03
4.682767622222220780e+03
4.655766333333333023e+03
4.638277438888890174e+03
4.651537166666666963e+03
4.664796511111110703e+03
4.669534127777780668e+03
4.667422111111111917e+03
4.665310150000001158e+03
4.646038616666666712e+03
4.624302222222223463e+03
4.606906305555557083e+03
4.607278022222221807e+03
4.607649494444443917e+03
4.601947394444443489e+03
4.590642299999998613e+03
4.579337033333334148e+03
4.580955116666665162e+03
4.584928066666667291e+03
4.584497127777777678e+03
4.563091811111113202e+03
4.541686783333334461e+03
4.531204172222218403e+03
4.531510144444443540e+03
4.531816277777775213e+03
4.549008216666663429e+03
4.569549749999997402e+03
4.588162288888889634e+03
4.597206566666665822e+03
4.606250444444444838e+03
4.625341061111108502e+03
4.654357744444443597e+03
4.683374761111111184e+03
4.684957144444446385e+03
4.681322405555555633e+03
4.678945922222224908e+03
4.682334638888888549e+03
4.685723688888888319e+03
4.681617100000002210e+03
4.670594455555557943e+03
4.659572422222221576e+03
4.690886511111111759e+03
4.728927872222219776e+03
4.765501738888890031e+03
4.796474411111110385e+03
4.827446305555554318e+03
4.842154394444442914e+03
4.843775861111113954e+03
4.845397366666667040e+03
4.855285038888890085e+03
4.866064416666663419e+03
4.885583305555554034e+03
4.930914583333334122e+03
4.976245822222221250e+03
4.963251444444442313e+03
4.912201472222222037e+03
4.861152216666665481e+03
4.934764761111108783e+03
5.013672638888889196e+03
5.059859011111109794e+03
5.034967050000001109e+03
5.010076316666665662e+03
5.007274999999999636e+03
5.015203894444446632e+03
5.023163033333336898e+03
5.032032200000001467e+03
5.040901305555553336e+03
5.057985161111113484e+03
5.087683066666666491e+03
5.117381238888890039e+03
5.155605044444445412e+03
5.196552577777778424e+03
5.254387533333332613e+03
5.432413427777777542e+03
5.610438733333331584e+03
5.675182344444444425e+03
5.622208400000001348e+03
5.569233794444444356e+03
5.622094177777773439e+03
5.692260477777776032e+03
5.773235577777774779e+03
5.890313655555558398e+03
6.007391066666667939e+03
6.167797433333334084e+03
6.356708499999997912e+03
6.545619666666669218e+03
6.774190277777777737e+03
7.003662111111111699e+03
7.238470500000001266e+03
7.482997666666666191e+03
7.727524166666663405e+03
8.033287944444443383e+03
8.361390666666664401e+03
8.698544444444443798e+03
9.106787055555560073e+03
9.515028666666672507e+03
9.905599777777779309e+03
1.027814061111111187e+04
1.065068327777777813e+04
1.109279011111111140e+04
1.154448433333333742e+04
1.193262511111111053e+04
1.214424288888889532e+04
1.235586405555556303e+04
1.233833700000001409e+04
1.219870127777777452e+04
1.204361611111111597e+04
1.153467927777777732e+04
1.102573755555555363e+04
1.046005922222221852e+04
9.820119666666669218e+03
9.180180499999998574e+03
8.602421055555558269e+03
8.037732444444451176e+03
7.514940055555556683e+03
7.139555055555554645e+03
6.764174222222223761e+03
6.546166166666665049e+03
6.425374833333333299e+03
6.310285888888888621e+03
6.528301833333333889e+03
6.746318055555555475e+03
7.086718555555554303e+03
7.597974555555553707e+03
8.109233444444445922e+03
9.002180277777772062e+03
9.979083833333335861e+03
1.115993483333334007e+04
1.304777288888889234e+04
1.493561277777777468e+04
1.762363961111110984e+04
2.078178033333331769e+04
2.399981883333333099e+04
2.874376038888888434e+04
3.348769577777777886e+04
3.768946500000000378e+04
4.122168777777779906e+04
4.475390777777780022e+04
4.629977333333333081e+04
4.751946888888887770e+04
4.805910277777777083e+04
4.678120777777778130e+04
4.550331333333336806e+04
4.271883111111111793e+04
3.924935055555556028e+04
3.570353944444443914e+04
3.150315333333332455e+04
2.730276499999998487e+04
2.337483494444445023e+04
1.969518066666667073e+04
1.601551972222221775e+04
1.371774099999999453e+04
1.150217955555555818e+04
9.737002222222221462e+03
8.751047277777783165e+03
7.765094111111113307e+03
7.196089944444443972e+03
6.737569611111111044e+03
6.332824888888887472e+03
6.122580555555555293e+03
5.912337061111113144e+03
5.750023744444441945e+03
5.614151905555552730e+03
5.478805999999999585e+03
5.350027672222224282e+03
5.221249850000001061e+03
5.133524450000002616e+03
5.085934300000001713e+03
5.038344111111111488e+03
5.006278705555554552e+03
4.975222183333332396e+03
4.932102683333333516e+03
4.868798061111107927e+03
4.805493094444445887e+03
4.762524049999999079e+03
4.724294283333331805e+03
4.680683844444445640e+03
4.620906594444444636e+03
4.561129000000002634e+03
4.540858400000000984e+03
4.538319211111111144e+03
4.535011122222223094e+03
4.526668405555557911e+03
4.518326133333333019e+03
4.516842949999997472e+03
4.520394911111110559e+03
4.524148883333334197e+03
4.536660427777776931e+03
4.549172683333336863e+03
4.529556372222220489e+03
4.473752544444445448e+03
4.417948616666669295e+03
4.609521800000002258e+03
4.822669155555555335e+03
4.886167661111111556e+03
4.696033755555555217e+03
4.505900083333332987e+03
4.416595327777778948e+03
4.348803588888888953e+03
4.302170961111110046e+03
4.310211888888889916e+03
4.318252455555557390e+03
4.326781438888886441e+03
4.335485383333333630e+03
4.338640911111109745e+03
4.318764277777778261e+03
4.298887022222220367e+03
4.282677338888887789e+03
4.268405872222221660e+03
4.263024627777776004e+03
4.325161044444446816e+03
4.387296055555555540e+03
4.405141594444443399e+03
4.390934961111109260e+03
4.379261677777778459e+03
4.420454249999999774e+03
4.461647694444443914e+03
4.476931116666666640e+03
4.467626555555557388e+03
4.458321516666665957e+03
4.428348899999999048e+03
4.398002538888888921e+03
4.385229622222222133e+03
4.393667972222221579e+03
4.402106494444445161e+03
4.337083683333332374e+03
4.266168544444441068e+03
4.218200438888889948e+03
4.204625477777776723e+03
4.191049744444446333e+03
4.189741272222222506e+03
4.190161455555553403e+03
4.193967038888886236e+03
4.203939955555557390e+03
4.213912277777781128e+03
4.203065861111111190e+03
4.188078861111111109e+03
4.180156466666669985e+03
4.187551677777777513e+03
4.194946088888887061e+03
4.147434066666664876e+03
4.086101027777778199e+03
4.039024899999998979e+03
4.027901422222221754e+03
4.016778111111113503e+03
4.019995688888889617e+03
4.027478844444444803e+03
4.038954577777778468e+03
4.061835133333333943e+03
4.084715361111109360e+03
4.035703172222222292e+03
3.962674977777779532e+03
3.918275461111113145e+03
3.963716711111112545e+03
4.009157194444443576e+03
3.978103022222222080e+03
3.919535433333334822e+03
3.879170744444444608e+03
3.899387222222222590e+03
3.919602683333335335e+03
3.986823622222220820e+03
4.071574738888888078e+03
4.124424972222223914e+03
4.068913066666667874e+03
4.013402149999999892e+03
4.016499744444443877e+03
4.041467288888891289e+03
4.059337627777776561e+03
4.053554172222223769e+03
4.047770499999999629e+03
4.044406505555557487e+03
4.041914000000000669e+03
4.053615888888888094e+03
4.109980966666666063e+03
4.166345588888888415e+03
4.138996116666666239e+03
4.083589288888887950e+03
4.050411888888887461e+03
4.080996722222219887e+03
4.111580666666668549e+03
4.127997827777776365e+03
4.140176088888888444e+03
4.146923155555554331e+03
4.139892416666665667e+03
4.132862088888889048e+03
4.144446361111111401e+03
4.160756077777777136e+03
4.178925044444445120e+03
4.201156016666669530e+03
4.223386777777777752e+03
4.265229549999999108e+03
4.311025711111110468e+03
4.313530888888887603e+03
4.236398044444445986e+03
4.159264727777776898e+03
4.162776333333334151e+03
4.177931750000001557e+03
4.161460199999999531e+03
4.096998999999997977e+03
4.032537961111108871e+03
4.065460544444445986e+03
4.106579638888886620e+03
4.131867516666667143e+03
4.137743327777776358e+03
4.143619249999999738e+03
4.123972122222222424e+03
4.103744716666667046e+03
4.118709827777775899e+03
4.167746355555555056e+03
4.214709694444444722e+03
4.212045116666665308e+03
4.209380099999998492e+03
4.186399572222219831e+03
4.148330205555555949e+03
4.109582005555555952e+03
4.065297122222223152e+03
4.021011850000000777e+03
4.007452361111109440e+03
4.010696088888888880e+03
4.009738372222222097e+03
3.990311527777780157e+03
3.970885027777779214e+03
3.991673977777777054e+03
4.027644388888889353e+03
4.043735400000002301e+03
4.005592511111110980e+03
3.967449522222225369e+03
3.965365516666667645e+03
3.971615344444443053e+03
3.984410272222221920e+03
4.008942277777778145e+03
4.033474172222221114e+03
4.013247205555555865e+03
3.988343999999999141e+03
3.979885366666665504e+03
3.991159466666664684e+03
4.002406100000001061e+03
4.008616550000001098e+03
4.014826883333335445e+03
4.008575238888888634e+03
3.992449683333333269e+03
3.987958549999998468e+03
4.075536450000001423e+03
4.163113966666664965e+03
4.222810705555552886e+03
4.268659055555554005e+03
4.279761999999999716e+03
4.171719805555557286e+03
4.063677799999999024e+03
4.018281588888889019e+03
3.990032016666667005e+03
3.976751238888888111e+03
3.991745394444442809e+03
4.006739416666667239e+03
4.081300216666667438e+03
4.161833133333335354e+03
4.155212372222217709e+03
4.051603622222222839e+03
3.953673655555556252e+03
3.994172016666666423e+03
4.034670149999999921e+03
4.033753377777783044e+03
4.006045427777775785e+03
3.979367333333332681e+03
3.957489166666666733e+03
3.935610427777777659e+03
3.925590672222223930e+03
3.919568511111112912e+03
3.916307088888889211e+03
3.918892944444444765e+03
3.921478938888891207e+03
3.961011838888886814e+03
4.004866705555553381e+03
4.011711038888891380e+03
3.977069316666667874e+03
3.947741738888887085e+03
4.020671794444445368e+03
4.093602427777776484e+03
4.096644194444445020e+03
4.058460950000000594e+03
4.031205327777776802e+03
4.044998544444445997e+03
4.058791655555556190e+03
4.029052516666669362e+03
3.987961822222221599e+03
3.963244516666666641e+03
3.965495605555554448e+03
3.967746850000002269e+03
3.955657255555556731e+03
3.943032633333330978e+03
3.945762744444444252e+03
3.960951527777777756e+03
3.971925138888888796e+03
3.957357633333331705e+03
3.942790216666663127e+03
3.934352783333333718e+03
3.928148483333332933e+03
3.948805900000000292e+03
4.025019438888890363e+03
4.101232922222225170e+03
4.030525061111110062e+03
3.947135805555554725e+03
3.922138905555553720e+03
3.951731933333333473e+03
3.972345994444446205e+03
3.923721699999998691e+03
3.875097483333333003e+03
3.859219072222221257e+03
3.856430438888888602e+03
3.845241916666666384e+03
3.815844766666667056e+03
3.786447961111113727e+03
3.803950266666664902e+03
3.825607444444441171e+03
3.836386161111109686e+03
3.837251849999996466e+03
3.838141861111112121e+03
3.839193988888889180e+03
3.840245849999998882e+03
3.886331177777778066e+03
3.948456077777776500e+03
3.972401305555555609e+03
3.924475849999999809e+03
3.876551000000000840e+03
3.877244688888888959e+03
3.880063105555555012e+03
3.884447933333331548e+03
3.890009055555556188e+03
3.899825572222221581e+03
3.928325505555556447e+03
3.956825194444443241e+03
3.913298788888890158e+03
3.851952605555557057e+03
3.831516777777777861e+03
3.867701461111111257e+03
3.903842605555555565e+03
3.938921488888886415e+03
3.974000627777777026e+03
3.973912538888890595e+03
3.955707700000003115e+03
3.953769305555556912e+03
3.993096583333334820e+03
4.032423927777777863e+03
3.956703094444443195e+03
3.869198705555555534e+03
3.839845961111110228e+03
3.861421188888888537e+03
3.885696922222222383e+03
3.924075422222222187e+03
3.962453361111115100e+03
3.905306511111110012e+03
3.822773366666667243e+03
3.782416066666667120e+03
3.800071866666668029e+03
3.819202144444444002e+03
3.864398905555557121e+03
3.909595938888889577e+03
3.904141350000001239e+03
3.875684444444445035e+03
3.872552450000001045e+03
3.922378288888889983e+03
3.972204355555556958e+03
3.899255438888889330e+03
3.821317533333332904e+03
3.816806300000001102e+03
3.861239994444445983e+03
3.900860383333333175e+03
3.925297899999999117e+03
3.949736077777779428e+03
3.923816350000005514e+03
3.891226405555554265e+03
3.892961266666665779e+03
3.925504994444444492e+03
3.942405444444445038e+03
3.884293033333332460e+03
3.826180450000000292e+03
3.821010794444445764e+03
3.827482716666664601e+03
3.851586633333331520e+03
3.895689177777780515e+03
3.947815950000001067e+03
4.059357422222223704e+03
4.170898372222221951e+03
4.129412216666665699e+03
4.042479972222221477e+03
4.003492961111111072e+03
4.029456772222223208e+03
4.049379505555557444e+03
3.999784466666665594e+03
3.950190111111110127e+03
3.969041272222220869e+03
4.012337327777777318e+03
4.026297361111109240e+03
3.995389172222221532e+03
3.967965450000001056e+03
3.999909616666669535e+03
4.031853783333333922e+03
4.005726672222220714e+03
3.956697333333330789e+03
3.948128927777777335e+03
4.005443677777776884e+03
4.059222549999999501e+03
4.038671544444443953e+03
4.018120066666669572e+03
3.976907855555556125e+03
3.927336411111110465e+03
3.896637416666666013e+03
3.896720566666665491e+03
3.897001588888887454e+03
3.901045038888888030e+03
3.905089061111111732e+03
3.905116472222222001e+03
3.903590911111109563e+03
3.905401644444444173e+03
3.912341455555555967e+03
3.922801283333334140e+03
3.981035155555556685e+03
4.039268211111112578e+03
4.055278455555554046e+03
4.056816888888888570e+03
4.071837177777775196e+03
4.105287772222221975e+03
4.130081072222220428e+03
4.078472638888888469e+03
4.026864805555558178e+03
4.004917583333334278e+03
3.991205433333331257e+03
3.988417716666668184e+03
3.998188077777778744e+03
4.014577138888887475e+03
4.068684727777776970e+03
4.122792083333335540e+03
4.230942044444444036e+03
4.349774527777777621e+03
4.330127688888887860e+03
4.183786144444444290e+03
4.071135572222222436e+03
4.084411355555555019e+03
4.097686733333332995e+03
4.139388966666668239e+03
4.184197616666666363e+03
4.221607099999999264e+03
4.253949266666666517e+03
4.260568127777776681e+03
4.203318438888889432e+03
4.146069083333334675e+03
4.081476200000000063e+03
4.016751105555555114e+03
4.013353077777777344e+03
4.038940872222220605e+03
4.040240555555556966e+03
4.001468738888889675e+03
3.966995566666664217e+03
3.983832638888888141e+03
4.000669961111111206e+03
3.931844849999998132e+03
3.838687061111109870e+03
3.797310027777776668e+03
3.811616627777777012e+03
3.823604416666667021e+03
3.825477066666661813e+03
3.827349216666666507e+03
3.825812688888887351e+03
3.823866377777777416e+03
3.831472027777779658e+03
3.845434900000001107e+03
3.845213811111109862e+03
3.813389072222222694e+03
3.782590188888889315e+03
3.800380155555556485e+03
3.818169444444442433e+03
3.867692577777777842e+03
3.928765944444445267e+03
3.917100044444444393e+03
3.815514838888890608e+03
3.733659966666668424e+03
3.753277216666667755e+03
3.772894938888887282e+03
3.756542405555554978e+03
3.735282566666666298e+03
3.719979188888889439e+03
3.708669150000001082e+03
3.717069777777779564e+03
3.767558633333332182e+03
3.814114111111109196e+03
3.768139538888887273e+03
3.722164683333334779e+03
3.722938511111111438e+03
3.738139577777777959e+03
3.734986294444443956e+03
3.712661922222224348e+03
3.704430244444443360e+03
3.747469494444446354e+03
3.790508783333333213e+03
3.815287994444445303e+03
3.838977066666665451e+03
3.848566327777780316e+03
3.851314049999999952e+03
3.831660822222220304e+03
3.779021094444444770e+03
3.736061450000001059e+03
3.754012699999999768e+03
3.771963416666665580e+03
3.764118550000001051e+03
3.752466361111109109e+03
3.804017866666667942e+03
3.896460627777779337e+03
3.921968616666667458e+03
3.820123361111110171e+03
3.732107105555555336e+03
3.796074066666666113e+03
3.860041666666666515e+03
3.833241772222221243e+03
3.787032011111113661e+03
3.848530649999999241e+03
3.992689911111111087e+03
4.045535761111111242e+03
3.894465738888888154e+03
3.749952050000000327e+03
3.719526900000001206e+03
3.689101677777776786e+03
3.731677627777775797e+03
3.792400055555556264e+03
3.790611638888889502e+03
3.737479177777779114e+03
3.710739283333333333e+03
3.745966522222221101e+03
3.775886043333334783e+03
3.704642066666666324e+03
3.633398205555555251e+03
3.664970216666667966e+03
3.721833594444445225e+03
3.738723950000000059e+03
3.723802172222222453e+03
3.697462077777777722e+03
3.646016100000000733e+03
3.600157994444445649e+03
3.628650300000000243e+03
3.657142466666667588e+03
3.644448927777776134e+03
3.623241822222222709e+03
3.634113444444447396e+03
3.667359566666665160e+03
3.679591733333334105e+03
3.652958894444445377e+03
3.626273783333332631e+03
3.599183088888889415e+03
3.572091977777777629e+03
3.622081822222223309e+03
3.682652972222221706e+03
3.717938433333333251e+03
3.739350983333332351e+03
3.736198011111111100e+03
3.698230050000000574e+03
3.658400338888888200e+03
3.610272222222220989e+03
3.562144111111111670e+03
3.581880527777778298e+03
3.604876094444443424e+03
3.638940705555554359e+03
3.677168822222221024e+03
3.684171722222221888e+03
3.660038399999998546e+03
3.661772555555555755e+03
3.731274144444443209e+03
3.792056405555554647e+03
3.697958388888887839e+03
3.603859999999999673e+03
3.587397966666666434e+03
3.586626811111110328e+03
3.608709266666667190e+03
3.645284094444442871e+03
3.676608577777777100e+03
3.699838533333332180e+03
3.710948172222220819e+03
3.665541300000002138e+03
3.620134872222222384e+03
3.627397594444442802e+03
3.636788449999997738e+03
3.644784794444442014e+03
3.652310388888888156e+03
3.645503611111113969e+03
3.626233333333331302e+03
3.617857916666666370e+03
3.632217949999998837e+03
3.640394388888887534e+03
3.600776672222222714e+03
3.561158872222223181e+03
3.645186655555555717e+03
3.741942450000000463e+03
3.756949155555555080e+03
3.736963522222221400e+03
3.693237100000001192e+03
3.625325166666668338e+03
3.579355272222222993e+03
3.586603649999998197e+03
3.586724005555554868e+03
3.514783588888888517e+03
3.442842983333332540e+03
3.388722055555554562e+03
3.336813327777777431e+03
3.334615838888888902e+03
3.354684755555556421e+03
3.405214866666668058e+03
3.487043988888889089e+03
3.545905244444443724e+03
3.550464766666668311e+03
3.567779850000002170e+03
3.696437922222222369e+03
3.825095922222223180e+03
3.680694616666666661e+03
3.509223388888889986e+03
3.459962072222222560e+03
3.458624644444444584e+03
3.526727788888891155e+03
3.656830638888890917e+03
3.711115188888888042e+03
3.618074555555554525e+03
3.540671561111109895e+03
3.550015544444443094e+03
3.559359699999997702e+03
3.525645400000001246e+03
3.490469516666667005e+03
3.542462166666667599e+03
3.618602055555557399e+03
3.598457027777777967e+03
3.514247683333334408e+03
3.483190511111109117e+03
3.525735744444445118e+03
3.558323533333332762e+03
3.559325833333334685e+03
3.564988594444442697e+03
3.641768477777778571e+03
3.718548955555555040e+03
3.668075538888887422e+03
3.601032938888889475e+03
3.580175433333331966e+03
3.578223038888888368e+03
3.579263927777777553e+03
3.582897644444443813e+03
3.589229527777776184e+03
3.600285549999999148e+03
3.606103666666666868e+03
3.589974888888890746e+03
3.574703016666669100e+03
3.595324677777776742e+03
3.615946250000000873e+03
3.586455716666666376e+03
3.548494577777777067e+03
3.539788144444446061e+03
3.544286766666667518e+03
3.523231344444443948e+03
3.478967122222220496e+03
3.485979894444446018e+03
3.583942855555554615e+03
3.652255216666666911e+03
3.600836499999999887e+03
3.550752888888889174e+03
3.534563294444444182e+03
3.518373655555555615e+03
3.600332827777778220e+03
3.695829677777778670e+03
3.676759133333332557e+03
3.613384161111111098e+03
3.581333316666668452e+03
3.573408127777775917e+03
3.549269905555555397e+03
3.501818261111109223e+03
3.474975005555555072e+03
3.507750661111110276e+03
3.541163155555556386e+03
